time(sec.) 	 T(degreeC.) 	 Q(W.) 
0 	 28.909000 	 100.000000 
1 	 28.904000 	 100.000000 
2 	 28.883000 	 100.000000 
3 	 28.860000 	 100.000000 
4 	 28.817000 	 100.000000 
5 	 28.830000 	 100.000000 
6 	 28.898000 	 100.000000 
7 	 28.836000 	 100.000000 
8 	 28.789000 	 100.000000 
9 	 28.718000 	 100.000000 
10 	 28.640000 	 100.000000 
11 	 28.597000 	 100.000000 
12 	 28.577000 	 100.000000 
13 	 28.590000 	 100.000000 
14 	 28.610000 	 100.000000 
15 	 28.603000 	 100.000000 
16 	 28.630000 	 100.000000 
17 	 28.615000 	 100.000000 
18 	 28.553000 	 100.000000 
19 	 28.552000 	 100.000000 
20 	 28.562000 	 100.000000 
21 	 28.584000 	 100.000000 
22 	 28.613000 	 100.000000 
23 	 28.628000 	 100.000000 
24 	 28.630000 	 100.000000 
25 	 28.643000 	 100.000000 
26 	 28.669000 	 100.000000 
27 	 28.653000 	 100.000000 
28 	 28.662000 	 100.000000 
29 	 28.670000 	 100.000000 
30 	 28.707000 	 100.000000 
31 	 28.714000 	 100.000000 
32 	 28.722000 	 100.000000 
33 	 28.738000 	 100.000000 
34 	 28.757000 	 100.000000 
35 	 28.760000 	 100.000000 
36 	 28.815000 	 100.000000 
37 	 28.852000 	 100.000000 
38 	 28.894000 	 100.000000 
39 	 28.948000 	 100.000000 
40 	 28.967000 	 100.000000 
41 	 28.978000 	 100.000000 
42 	 29.040000 	 100.000000 
43 	 29.070000 	 100.000000 
44 	 29.123000 	 100.000000 
45 	 29.149000 	 100.000000 
46 	 29.195000 	 100.000000 
47 	 29.208000 	 100.000000 
48 	 29.245000 	 100.000000 
49 	 29.279000 	 100.000000 
50 	 29.283000 	 100.000000 
51 	 29.295000 	 100.000000 
52 	 29.362000 	 100.000000 
53 	 29.412000 	 100.000000 
54 	 29.466000 	 100.000000 
55 	 29.501000 	 100.000000 
56 	 29.530000 	 100.000000 
57 	 29.571000 	 100.000000 
58 	 29.614000 	 100.000000 
59 	 29.695000 	 100.000000 
60 	 29.749000 	 100.000000 
61 	 29.781000 	 100.000000 
62 	 29.879000 	 100.000000 
63 	 29.902000 	 100.000000 
64 	 29.884000 	 100.000000 
65 	 29.894000 	 100.000000 
66 	 29.942000 	 100.000000 
67 	 29.962000 	 100.000000 
68 	 30.071000 	 100.000000 
69 	 30.078000 	 100.000000 
70 	 30.061000 	 100.000000 
71 	 30.134000 	 100.000000 
72 	 30.210000 	 100.000000 
73 	 30.296000 	 100.000000 
74 	 30.353000 	 100.000000 
75 	 30.410000 	 100.000000 
76 	 30.496000 	 100.000000 
77 	 30.577000 	 100.000000 
78 	 30.670000 	 100.000000 
79 	 30.742000 	 100.000000 
80 	 30.767000 	 100.000000 
81 	 30.779000 	 100.000000 
82 	 30.790000 	 100.000000 
83 	 30.762000 	 100.000000 
84 	 30.761000 	 100.000000 
85 	 30.881000 	 100.000000 
86 	 30.937000 	 100.000000 
87 	 31.023000 	 100.000000 
88 	 31.013000 	 100.000000 
89 	 31.009000 	 100.000000 
90 	 31.057000 	 100.000000 
91 	 31.088000 	 100.000000 
92 	 31.130000 	 100.000000 
93 	 31.108000 	 100.000000 
94 	 31.128000 	 100.000000 
95 	 31.155000 	 100.000000 
96 	 31.209000 	 100.000000 
97 	 31.186000 	 100.000000 
98 	 31.231000 	 100.000000 
99 	 31.390000 	 100.000000 
100 	 31.532000 	 100.000000 
101 	 31.619000 	 100.000000 
102 	 31.675000 	 100.000000 
103 	 31.720000 	 100.000000 
104 	 31.703000 	 100.000000 
105 	 31.744000 	 100.000000 
106 	 31.788000 	 100.000000 
107 	 31.827000 	 100.000000 
108 	 31.824000 	 100.000000 
109 	 31.845000 	 100.000000 
110 	 31.825000 	 100.000000 
111 	 31.855000 	 100.000000 
112 	 31.904000 	 100.000000 
113 	 32.042000 	 100.000000 
114 	 32.199000 	 100.000000 
115 	 32.306000 	 100.000000 
116 	 32.367000 	 100.000000 
117 	 32.331000 	 100.000000 
118 	 32.338000 	 100.000000 
119 	 32.386000 	 100.000000 
120 	 32.401000 	 100.000000 
121 	 32.408000 	 100.000000 
122 	 32.428000 	 100.000000 
123 	 32.400000 	 100.000000 
124 	 32.440000 	 100.000000 
125 	 32.424000 	 100.000000 
126 	 32.489000 	 100.000000 
127 	 32.592000 	 100.000000 
128 	 32.880000 	 100.000000 
129 	 32.934000 	 100.000000 
130 	 33.008000 	 100.000000 
131 	 33.019000 	 100.000000 
132 	 33.039000 	 100.000000 
133 	 32.987000 	 100.000000 
134 	 33.005000 	 100.000000 
135 	 33.043000 	 100.000000 
136 	 33.056000 	 100.000000 
137 	 33.153000 	 100.000000 
138 	 33.203000 	 100.000000 
139 	 33.277000 	 100.000000 
140 	 33.247000 	 100.000000 
141 	 33.210000 	 100.000000 
142 	 33.293000 	 100.000000 
143 	 33.326000 	 100.000000 
144 	 33.330000 	 100.000000 
145 	 33.312000 	 100.000000 
146 	 33.345000 	 100.000000 
147 	 33.353000 	 100.000000 
148 	 33.379000 	 100.000000 
149 	 33.437000 	 100.000000 
150 	 33.498000 	 100.000000 
151 	 33.570000 	 100.000000 
152 	 33.783000 	 100.000000 
153 	 33.819000 	 100.000000 
154 	 33.866000 	 100.000000 
155 	 33.823000 	 100.000000 
156 	 33.812000 	 100.000000 
157 	 33.885000 	 100.000000 
158 	 33.905000 	 100.000000 
159 	 33.867000 	 100.000000 
160 	 33.896000 	 100.000000 
161 	 33.985000 	 100.000000 
162 	 34.069000 	 100.000000 
163 	 34.142000 	 100.000000 
164 	 34.098000 	 100.000000 
165 	 34.094000 	 100.000000 
166 	 34.133000 	 100.000000 
167 	 34.172000 	 100.000000 
168 	 34.274000 	 100.000000 
169 	 34.363000 	 100.000000 
170 	 34.367000 	 100.000000 
171 	 34.316000 	 100.000000 
172 	 34.370000 	 100.000000 
173 	 34.513000 	 100.000000 
174 	 34.579000 	 100.000000 
175 	 34.592000 	 100.000000 
176 	 34.663000 	 100.000000 
177 	 34.786000 	 100.000000 
178 	 34.868000 	 100.000000 
179 	 34.873000 	 100.000000 
180 	 34.817000 	 100.000000 
181 	 34.750000 	 100.000000 
182 	 34.784000 	 100.000000 
183 	 34.880000 	 100.000000 
184 	 34.813000 	 100.000000 
185 	 34.786000 	 100.000000 
186 	 34.850000 	 100.000000 
187 	 34.844000 	 100.000000 
188 	 34.897000 	 100.000000 
189 	 35.021000 	 100.000000 
190 	 35.132000 	 100.000000 
191 	 35.169000 	 100.000000 
192 	 35.105000 	 100.000000 
193 	 35.115000 	 100.000000 
194 	 35.109000 	 100.000000 
195 	 35.225000 	 100.000000 
196 	 35.307000 	 100.000000 
197 	 35.293000 	 100.000000 
198 	 35.346000 	 100.000000 
199 	 35.469000 	 100.000000 
200 	 35.526000 	 100.000000 
201 	 35.598000 	 100.000000 
202 	 35.609000 	 100.000000 
203 	 35.669000 	 100.000000 
204 	 35.813000 	 100.000000 
205 	 35.835000 	 100.000000 
206 	 35.933000 	 100.000000 
207 	 35.927000 	 100.000000 
208 	 35.867000 	 100.000000 
209 	 35.782000 	 100.000000 
210 	 35.795000 	 100.000000 
211 	 35.944000 	 100.000000 
212 	 36.051000 	 100.000000 
213 	 36.055000 	 100.000000 
214 	 36.111000 	 100.000000 
215 	 36.175000 	 100.000000 
216 	 36.226000 	 100.000000 
217 	 36.313000 	 100.000000 
218 	 36.404000 	 100.000000 
219 	 36.504000 	 100.000000 
220 	 36.549000 	 100.000000 
221 	 36.538000 	 100.000000 
222 	 36.507000 	 100.000000 
223 	 36.478000 	 100.000000 
224 	 36.524000 	 100.000000 
225 	 36.580000 	 100.000000 
226 	 36.650000 	 100.000000 
227 	 36.610000 	 100.000000 
228 	 36.572000 	 100.000000 
229 	 36.527000 	 100.000000 
230 	 36.603000 	 100.000000 
231 	 36.554000 	 100.000000 
232 	 36.487000 	 100.000000 
233 	 36.505000 	 100.000000 
234 	 36.459000 	 100.000000 
235 	 36.465000 	 100.000000 
236 	 36.416000 	 100.000000 
237 	 36.493000 	 100.000000 
238 	 36.624000 	 100.000000 
239 	 36.590000 	 100.000000 
240 	 36.710000 	 100.000000 
241 	 36.814000 	 100.000000 
242 	 36.836000 	 100.000000 
243 	 36.853000 	 100.000000 
244 	 36.937000 	 100.000000 
245 	 36.959000 	 100.000000 
246 	 36.939000 	 100.000000 
247 	 36.928000 	 100.000000 
248 	 36.912000 	 100.000000 
249 	 36.897000 	 100.000000 
250 	 36.884000 	 100.000000 
251 	 36.887000 	 100.000000 
252 	 36.934000 	 100.000000 
253 	 36.979000 	 100.000000 
254 	 36.984000 	 100.000000 
255 	 37.059000 	 100.000000 
256 	 37.133000 	 100.000000 
257 	 37.177000 	 100.000000 
258 	 37.216000 	 100.000000 
259 	 37.266000 	 100.000000 
260 	 37.294000 	 100.000000 
261 	 37.351000 	 100.000000 
262 	 37.420000 	 100.000000 
263 	 37.466000 	 100.000000 
264 	 37.480000 	 100.000000 
265 	 37.584000 	 100.000000 
266 	 37.640000 	 100.000000 
267 	 37.680000 	 100.000000 
268 	 37.713000 	 100.000000 
269 	 37.759000 	 100.000000 
270 	 37.796000 	 100.000000 
271 	 37.789000 	 100.000000 
272 	 37.828000 	 100.000000 
273 	 37.896000 	 100.000000 
274 	 37.984000 	 100.000000 
275 	 37.988000 	 100.000000 
276 	 37.980000 	 100.000000 
277 	 37.987000 	 100.000000 
278 	 37.872000 	 100.000000 
279 	 37.849000 	 100.000000 
280 	 37.970000 	 100.000000 
281 	 38.072000 	 100.000000 
282 	 38.191000 	 100.000000 
283 	 38.176000 	 100.000000 
284 	 38.080000 	 100.000000 
285 	 38.094000 	 100.000000 
286 	 38.142000 	 100.000000 
287 	 38.185000 	 100.000000 
288 	 38.187000 	 100.000000 
289 	 38.150000 	 100.000000 
290 	 38.177000 	 100.000000 
291 	 38.267000 	 100.000000 
292 	 38.237000 	 100.000000 
293 	 38.283000 	 100.000000 
294 	 38.320000 	 100.000000 
295 	 38.494000 	 100.000000 
296 	 38.469000 	 100.000000 
297 	 38.381000 	 100.000000 
298 	 38.291000 	 100.000000 
299 	 38.346000 	 100.000000 
300 	 38.443000 	 100.000000 
301 	 38.535000 	 100.000000 
302 	 38.660000 	 100.000000 
303 	 38.687000 	 100.000000 
304 	 38.685000 	 100.000000 
305 	 38.608000 	 100.000000 
306 	 38.524000 	 100.000000 
307 	 38.483000 	 100.000000 
308 	 38.572000 	 100.000000 
309 	 38.568000 	 100.000000 
310 	 38.602000 	 100.000000 
311 	 38.669000 	 100.000000 
312 	 38.647000 	 100.000000 
313 	 38.675000 	 100.000000 
314 	 38.663000 	 100.000000 
315 	 38.698000 	 100.000000 
316 	 38.750000 	 100.000000 
317 	 38.879000 	 100.000000 
318 	 38.904000 	 100.000000 
319 	 38.973000 	 100.000000 
320 	 38.951000 	 100.000000 
321 	 39.052000 	 100.000000 
322 	 39.047000 	 100.000000 
323 	 39.090000 	 100.000000 
324 	 39.082000 	 100.000000 
325 	 39.075000 	 100.000000 
326 	 39.041000 	 100.000000 
327 	 39.063000 	 100.000000 
328 	 39.082000 	 100.000000 
329 	 39.161000 	 100.000000 
330 	 39.082000 	 100.000000 
331 	 39.054000 	 100.000000 
332 	 39.107000 	 100.000000 
333 	 39.229000 	 100.000000 
334 	 39.244000 	 100.000000 
335 	 39.207000 	 100.000000 
336 	 39.150000 	 100.000000 
337 	 39.156000 	 100.000000 
338 	 39.305000 	 100.000000 
339 	 39.309000 	 100.000000 
340 	 39.340000 	 100.000000 
341 	 39.349000 	 100.000000 
342 	 39.370000 	 100.000000 
343 	 39.440000 	 100.000000 
344 	 39.503000 	 100.000000 
345 	 39.440000 	 100.000000 
346 	 39.406000 	 100.000000 
347 	 39.461000 	 100.000000 
348 	 39.565000 	 99.900000 
349 	 39.747000 	 99.800000 
350 	 39.780000 	 88.800000 
351 	 39.780000 	 77.800000 
352 	 39.763000 	 66.800000 
353 	 39.554000 	 63.400000 
354 	 39.600000 	 57.800000 
355 	 39.725000 	 56.600000 
356 	 39.785000 	 54.100000 
357 	 39.787000 	 53.800000 
358 	 39.854000 	 49.400000 
359 	 39.853000 	 49.500000 
360 	 39.894000 	 49.800000 
361 	 39.977000 	 50.000000 
362 	 40.061000 	 50.000000 
363 	 40.106000 	 50.000000 
364 	 40.054000 	 50.000000 
365 	 40.006000 	 49.900000 
366 	 40.035000 	 49.900000 
367 	 40.061000 	 49.900000 
368 	 40.151000 	 49.900000 
369 	 40.128000 	 49.900000 
370 	 40.048000 	 49.900000 
371 	 39.974000 	 49.900000 
372 	 40.012000 	 49.900000 
373 	 40.048000 	 49.900000 
374 	 40.032000 	 49.900000 
375 	 39.979000 	 49.900000 
376 	 39.940000 	 49.900000 
377 	 39.954000 	 50.000000 
378 	 39.901000 	 50.000000 
379 	 39.920000 	 50.000000 
380 	 39.983000 	 50.000000 
381 	 39.966000 	 50.000000 
382 	 40.164000 	 50.000000 
383 	 40.198000 	 50.000000 
384 	 40.239000 	 50.000000 
385 	 40.270000 	 50.000000 
386 	 40.265000 	 50.000000 
387 	 40.284000 	 50.000000 
388 	 40.237000 	 50.000000 
389 	 40.134000 	 50.000000 
390 	 40.120000 	 50.000000 
391 	 40.143000 	 50.000000 
392 	 40.174000 	 50.000000 
393 	 40.146000 	 50.000000 
394 	 40.138000 	 50.000000 
395 	 40.067000 	 50.000000 
396 	 40.062000 	 50.000000 
397 	 40.094000 	 50.000000 
398 	 40.152000 	 50.000000 
399 	 40.121000 	 50.000000 
400 	 40.036000 	 50.000000 
401 	 39.963000 	 50.000000 
402 	 39.937000 	 50.000000 
403 	 39.879000 	 50.000000 
404 	 39.951000 	 50.000000 
405 	 39.882000 	 50.000000 
406 	 39.802000 	 50.000000 
407 	 39.816000 	 50.000000 
408 	 39.867000 	 50.000000 
409 	 39.916000 	 50.000000 
410 	 39.974000 	 50.000000 
411 	 39.941000 	 50.000000 
412 	 39.968000 	 50.000000 
413 	 39.912000 	 50.000000 
414 	 39.848000 	 50.000000 
415 	 39.935000 	 50.000000 
416 	 39.912000 	 50.000000 
417 	 39.840000 	 50.000000 
418 	 39.753000 	 50.000000 
419 	 39.706000 	 50.000000 
420 	 39.712000 	 50.000000 
421 	 39.829000 	 50.000000 
422 	 39.868000 	 50.000000 
423 	 39.788000 	 50.000000 
424 	 39.740000 	 50.000000 
425 	 39.682000 	 50.000000 
426 	 39.587000 	 50.000000 
427 	 39.575000 	 50.000000 
428 	 39.491000 	 50.000000 
429 	 39.481000 	 50.000000 
430 	 39.523000 	 50.100000 
431 	 39.516000 	 55.800000 
432 	 39.530000 	 55.900000 
433 	 39.529000 	 66.900000 
434 	 39.573000 	 72.500000 
435 	 39.570000 	 74.800000 
436 	 39.589000 	 74.900000 
437 	 39.596000 	 81.500000 
438 	 39.543000 	 82.700000 
439 	 39.404000 	 82.800000 
440 	 39.348000 	 86.200000 
441 	 39.415000 	 92.700000 
442 	 39.565000 	 87.200000 
443 	 39.499000 	 82.500000 
444 	 39.394000 	 77.000000 
445 	 39.338000 	 74.900000 
446 	 39.366000 	 75.000000 
447 	 39.410000 	 75.000000 
448 	 39.402000 	 75.000000 
449 	 39.347000 	 75.000000 
450 	 39.339000 	 75.000000 
451 	 39.377000 	 75.000000 
452 	 39.403000 	 75.000000 
453 	 39.362000 	 75.000000 
454 	 39.371000 	 75.000000 
455 	 39.444000 	 75.000000 
456 	 39.497000 	 75.000000 
457 	 39.591000 	 75.000000 
458 	 39.593000 	 75.000000 
459 	 39.495000 	 75.000000 
460 	 39.571000 	 75.000000 
461 	 39.597000 	 75.000000 
462 	 39.574000 	 75.000000 
463 	 39.475000 	 75.000000 
464 	 39.416000 	 75.000000 
465 	 39.408000 	 75.000000 
466 	 39.372000 	 75.000000 
467 	 39.498000 	 75.000000 
468 	 39.511000 	 75.000000 
469 	 39.530000 	 75.000000 
470 	 39.531000 	 75.000000 
471 	 39.490000 	 75.000000 
472 	 39.524000 	 75.000000 
473 	 39.503000 	 75.000000 
474 	 39.414000 	 75.000000 
475 	 39.353000 	 75.000000 
476 	 39.349000 	 75.000000 
477 	 39.460000 	 75.000000 
478 	 39.515000 	 75.000000 
479 	 39.416000 	 75.000000 
480 	 39.387000 	 75.000000 
481 	 39.400000 	 75.000000 
482 	 39.310000 	 75.000000 
483 	 39.231000 	 75.000000 
484 	 39.249000 	 75.000000 
485 	 39.210000 	 76.200000 
486 	 39.220000 	 87.200000 
487 	 39.195000 	 98.200000 
488 	 39.277000 	 100.000000 
489 	 39.355000 	 100.000000 
490 	 39.487000 	 100.000000 
491 	 39.478000 	 100.000000 
492 	 39.500000 	 100.000000 
493 	 39.522000 	 100.000000 
494 	 39.563000 	 100.000000 
495 	 39.650000 	 100.000000 
496 	 39.630000 	 100.000000 
497 	 39.591000 	 100.000000 
498 	 39.599000 	 100.000000 
499 	 39.607000 	 100.000000 
500 	 39.590000 	 100.000000 
501 	 39.601000 	 100.000000 
502 	 39.578000 	 100.000000 
503 	 39.583000 	 100.000000 
504 	 39.504000 	 100.000000 
505 	 39.498000 	 100.000000 
506 	 39.451000 	 100.000000 
507 	 39.415000 	 100.000000 
508 	 39.424000 	 100.000000 
509 	 39.489000 	 100.000000 
510 	 39.528000 	 100.000000 
511 	 39.583000 	 100.000000 
512 	 39.590000 	 100.000000 
513 	 39.581000 	 100.000000 
514 	 39.562000 	 100.000000 
515 	 39.642000 	 100.000000 
516 	 39.672000 	 100.000000 
517 	 39.670000 	 100.000000 
518 	 39.650000 	 100.000000 
519 	 39.652000 	 100.000000 
520 	 39.729000 	 100.000000 
521 	 39.769000 	 100.000000 
522 	 39.779000 	 100.000000 
523 	 39.798000 	 100.000000 
524 	 39.808000 	 100.000000 
525 	 39.876000 	 100.000000 
526 	 39.902000 	 100.000000 
527 	 39.978000 	 100.000000 
528 	 40.004000 	 100.000000 
529 	 40.085000 	 99.900000 
530 	 40.080000 	 97.600000 
531 	 40.099000 	 86.600000 
532 	 40.097000 	 75.600000 
533 	 40.059000 	 64.600000 
534 	 40.117000 	 59.000000 
535 	 40.158000 	 58.900000 
536 	 40.163000 	 55.400000 
537 	 40.219000 	 55.200000 
538 	 39.998000 	 48.500000 
539 	 39.938000 	 48.600000 
540 	 39.943000 	 50.800000 
541 	 39.957000 	 50.600000 
542 	 39.907000 	 50.600000 
543 	 39.943000 	 50.300000 
544 	 40.088000 	 50.100000 
545 	 40.185000 	 50.000000 
546 	 40.246000 	 50.000000 
547 	 40.227000 	 50.000000 
548 	 40.241000 	 50.000000 
549 	 40.215000 	 50.000000 
550 	 40.212000 	 50.000000 
551 	 40.360000 	 50.000000 
552 	 40.404000 	 50.000000 
553 	 40.437000 	 50.000000 
554 	 40.442000 	 50.000000 
555 	 40.408000 	 50.000000 
556 	 40.406000 	 50.000000 
557 	 40.426000 	 50.000000 
558 	 40.342000 	 50.000000 
559 	 40.364000 	 50.000000 
560 	 40.383000 	 50.000000 
561 	 40.393000 	 50.000000 
562 	 40.298000 	 50.000000 
563 	 40.297000 	 50.000000 
564 	 40.305000 	 50.000000 
565 	 40.252000 	 50.000000 
566 	 40.246000 	 50.000000 
567 	 40.285000 	 50.000000 
568 	 40.333000 	 50.000000 
569 	 40.249000 	 50.000000 
570 	 40.321000 	 50.000000 
571 	 40.330000 	 50.000000 
572 	 40.250000 	 50.000000 
573 	 40.285000 	 50.000000 
574 	 40.287000 	 50.000000 
575 	 40.284000 	 50.000000 
576 	 40.224000 	 50.000000 
577 	 40.168000 	 50.000000 
578 	 40.098000 	 50.000000 
579 	 39.950000 	 50.000000 
580 	 39.910000 	 50.000000 
581 	 39.928000 	 50.000000 
582 	 40.028000 	 50.000000 
583 	 40.104000 	 50.000000 
584 	 40.021000 	 50.000000 
585 	 40.075000 	 50.000000 
586 	 40.150000 	 50.000000 
587 	 40.210000 	 50.000000 
588 	 40.320000 	 50.000000 
589 	 40.307000 	 50.000000 
590 	 40.312000 	 50.000000 
591 	 40.369000 	 50.000000 
592 	 40.303000 	 50.000000 
593 	 40.296000 	 50.000000 
594 	 40.279000 	 50.000000 
595 	 40.252000 	 50.000000 
596 	 40.138000 	 50.000000 
597 	 40.060000 	 50.000000 
598 	 40.013000 	 50.000000 
599 	 39.952000 	 50.000000 
600 	 40.007000 	 50.000000 
601 	 40.055000 	 50.000000 
602 	 40.050000 	 50.000000 
603 	 40.062000 	 50.000000 
604 	 40.041000 	 50.000000 
605 	 40.074000 	 50.000000 
606 	 40.106000 	 50.000000 
607 	 40.127000 	 50.000000 
608 	 40.101000 	 50.000000 
609 	 40.039000 	 50.000000 
610 	 40.026000 	 50.000000 
611 	 39.897000 	 50.000000 
612 	 39.884000 	 50.000000 
613 	 39.920000 	 50.000000 
614 	 39.951000 	 50.000000 
615 	 39.992000 	 50.000000 
616 	 39.985000 	 50.000000 
617 	 39.913000 	 50.000000 
618 	 39.882000 	 50.000000 
619 	 39.915000 	 50.000000 
620 	 39.950000 	 50.000000 
621 	 39.836000 	 50.000000 
622 	 39.714000 	 50.000000 
623 	 39.715000 	 50.000000 
624 	 39.622000 	 50.000000 
625 	 39.572000 	 50.000000 
626 	 39.549000 	 50.000000 
627 	 39.608000 	 50.100000 
628 	 39.663000 	 56.700000 
629 	 39.739000 	 67.700000 
630 	 39.738000 	 78.700000 
631 	 39.707000 	 78.900000 
632 	 39.708000 	 79.300000 
633 	 39.652000 	 79.400000 
634 	 39.689000 	 79.800000 
635 	 39.662000 	 80.000000 
636 	 39.598000 	 80.000000 
637 	 39.549000 	 80.000000 
638 	 39.472000 	 80.000000 
639 	 39.468000 	 80.000000 
640 	 39.456000 	 80.000000 
641 	 39.411000 	 80.000000 
642 	 39.425000 	 80.000000 
643 	 39.503000 	 80.000000 
644 	 39.522000 	 80.000000 
645 	 39.535000 	 80.000000 
646 	 39.612000 	 80.000000 
647 	 39.692000 	 80.000000 
648 	 39.728000 	 80.000000 
649 	 39.739000 	 80.000000 
650 	 39.665000 	 80.000000 
651 	 39.537000 	 80.000000 
652 	 39.478000 	 80.000000 
653 	 39.450000 	 80.000000 
654 	 39.458000 	 80.000000 
655 	 39.484000 	 80.000000 
656 	 39.543000 	 80.000000 
657 	 39.576000 	 80.000000 
658 	 39.589000 	 80.000000 
659 	 39.613000 	 80.000000 
660 	 39.583000 	 80.000000 
661 	 39.544000 	 80.000000 
662 	 39.594000 	 80.000000 
663 	 39.581000 	 80.000000 
664 	 39.569000 	 80.000000 
665 	 39.563000 	 80.000000 
666 	 39.548000 	 80.000000 
667 	 39.510000 	 80.000000 
668 	 39.520000 	 80.000000 
669 	 39.527000 	 80.000000 
670 	 39.540000 	 80.000000 
671 	 39.537000 	 80.000000 
672 	 39.542000 	 80.000000 
673 	 39.586000 	 80.000000 
674 	 39.656000 	 80.000000 
675 	 39.660000 	 80.000000 
676 	 39.706000 	 80.000000 
677 	 39.677000 	 80.000000 
678 	 39.700000 	 80.000000 
679 	 39.675000 	 80.000000 
680 	 39.776000 	 80.000000 
681 	 39.835000 	 80.000000 
682 	 39.825000 	 80.000000 
683 	 39.788000 	 80.000000 
684 	 39.756000 	 80.000000 
685 	 39.746000 	 80.000000 
686 	 39.737000 	 80.000000 
687 	 39.661000 	 80.000000 
688 	 39.599000 	 80.000000 
689 	 39.635000 	 80.000000 
690 	 39.592000 	 80.000000 
691 	 39.580000 	 80.000000 
692 	 39.539000 	 80.000000 
693 	 39.539000 	 80.000000 
694 	 39.623000 	 80.000000 
695 	 39.538000 	 80.000000 
696 	 39.442000 	 80.000000 
697 	 39.441000 	 80.000000 
698 	 39.405000 	 80.000000 
699 	 39.376000 	 80.000000 
700 	 39.376000 	 80.000000 
701 	 39.416000 	 80.000000 
702 	 39.512000 	 80.000000 
703 	 39.622000 	 80.000000 
704 	 39.696000 	 80.000000 
705 	 39.717000 	 80.000000 
706 	 39.758000 	 80.000000 
707 	 39.740000 	 80.000000 
708 	 39.798000 	 80.000000 
709 	 39.761000 	 80.000000 
710 	 39.812000 	 80.000000 
711 	 39.844000 	 80.000000 
712 	 39.783000 	 80.000000 
713 	 39.740000 	 80.000000 
714 	 39.780000 	 80.000000 
715 	 39.719000 	 80.000000 
716 	 39.762000 	 80.000000 
717 	 39.832000 	 80.000000 
718 	 39.811000 	 80.000000 
719 	 39.824000 	 80.000000 
720 	 39.860000 	 80.000000 
721 	 39.897000 	 80.000000 
722 	 39.823000 	 80.000000 
723 	 39.862000 	 80.000000 
724 	 39.888000 	 80.000000 
725 	 39.900000 	 80.000000 
726 	 39.927000 	 80.000000 
727 	 39.937000 	 80.000000 
728 	 39.936000 	 80.000000 
729 	 39.917000 	 80.000000 
730 	 39.986000 	 80.000000 
731 	 40.022000 	 80.000000 
732 	 40.100000 	 80.000000 
733 	 40.117000 	 80.000000 
734 	 40.183000 	 80.000000 
735 	 40.250000 	 79.900000 
736 	 40.209000 	 79.600000 
737 	 40.147000 	 77.200000 
738 	 40.175000 	 77.000000 
739 	 40.110000 	 76.800000 
740 	 40.121000 	 76.600000 
741 	 40.167000 	 76.300000 
742 	 40.144000 	 75.900000 
743 	 40.196000 	 75.800000 
744 	 40.257000 	 75.300000 
745 	 40.204000 	 75.100000 
746 	 40.138000 	 75.000000 
747 	 40.088000 	 75.000000 
748 	 40.142000 	 75.000000 
749 	 40.156000 	 75.000000 
750 	 40.119000 	 75.000000 
751 	 40.089000 	 75.000000 
752 	 40.099000 	 75.000000 
753 	 40.131000 	 75.000000 
754 	 40.197000 	 75.000000 
755 	 40.225000 	 75.000000 
756 	 40.064000 	 75.000000 
757 	 40.011000 	 75.000000 
758 	 39.968000 	 75.000000 
759 	 39.983000 	 75.000000 
760 	 40.124000 	 75.000000 
761 	 40.198000 	 75.000000 
762 	 40.229000 	 75.000000 
763 	 40.293000 	 75.000000 
764 	 40.351000 	 75.000000 
765 	 40.358000 	 75.000000 
766 	 40.350000 	 75.000000 
767 	 40.296000 	 75.000000 
768 	 40.088000 	 75.000000 
769 	 39.952000 	 75.000000 
770 	 39.946000 	 75.000000 
771 	 39.919000 	 75.000000 
772 	 39.947000 	 75.000000 
773 	 39.965000 	 75.000000 
774 	 39.993000 	 75.000000 
775 	 40.060000 	 75.000000 
776 	 40.073000 	 75.000000 
777 	 40.087000 	 75.000000 
778 	 40.196000 	 75.000000 
779 	 40.257000 	 75.000000 
780 	 40.253000 	 75.000000 
781 	 40.261000 	 75.000000 
782 	 40.239000 	 75.000000 
783 	 40.193000 	 75.000000 
784 	 40.356000 	 75.000000 
785 	 40.392000 	 75.000000 
786 	 40.395000 	 75.000000 
787 	 40.468000 	 75.000000 
788 	 40.412000 	 75.000000 
789 	 40.357000 	 75.000000 
790 	 40.459000 	 75.000000 
791 	 40.433000 	 75.000000 
792 	 40.415000 	 75.000000 
793 	 40.498000 	 75.000000 
794 	 40.528000 	 75.000000 
795 	 40.548000 	 75.000000 
796 	 40.532000 	 75.000000 
797 	 40.562000 	 75.000000 
798 	 40.596000 	 75.000000 
799 	 40.551000 	 75.000000 
800 	 40.651000 	 74.800000 
801 	 40.573000 	 71.400000 
802 	 40.625000 	 69.200000 
803 	 40.629000 	 69.400000 
804 	 40.583000 	 69.700000 
805 	 40.583000 	 70.000000 
806 	 40.585000 	 70.000000 
807 	 40.641000 	 70.000000 
808 	 40.668000 	 70.000000 
809 	 40.605000 	 70.000000 
810 	 40.633000 	 70.000000 
811 	 40.583000 	 70.000000 
812 	 40.565000 	 70.000000 
813 	 40.444000 	 70.000000 
814 	 40.367000 	 70.000000 
815 	 40.352000 	 70.000000 
816 	 40.340000 	 70.000000 
817 	 40.385000 	 70.000000 
818 	 40.458000 	 70.000000 
819 	 40.535000 	 70.000000 
820 	 40.598000 	 70.000000 
821 	 40.596000 	 70.000000 
822 	 40.532000 	 70.000000 
823 	 40.466000 	 70.000000 
824 	 40.451000 	 70.000000 
825 	 40.402000 	 70.000000 
826 	 40.363000 	 70.000000 
827 	 40.463000 	 70.000000 
828 	 40.572000 	 70.000000 
829 	 40.610000 	 70.000000 
830 	 40.607000 	 70.000000 
831 	 40.605000 	 70.000000 
832 	 40.554000 	 70.000000 
833 	 40.505000 	 70.000000 
834 	 40.502000 	 70.000000 
835 	 40.474000 	 70.000000 
836 	 40.530000 	 70.000000 
837 	 40.513000 	 70.000000 
838 	 40.417000 	 70.000000 
839 	 40.357000 	 70.000000 
840 	 40.365000 	 70.000000 
841 	 40.354000 	 70.000000 
842 	 40.350000 	 70.000000 
843 	 40.455000 	 70.000000 
844 	 40.526000 	 70.000000 
845 	 40.534000 	 70.000000 
846 	 40.536000 	 70.000000 
847 	 40.590000 	 70.000000 
848 	 40.619000 	 70.000000 
849 	 40.563000 	 70.000000 
850 	 40.586000 	 70.000000 
851 	 40.586000 	 70.000000 
852 	 40.587000 	 70.000000 
853 	 40.647000 	 70.000000 
854 	 40.679000 	 70.000000 
855 	 40.689000 	 70.000000 
856 	 40.627000 	 70.000000 
857 	 40.593000 	 70.000000 
858 	 40.667000 	 70.000000 
859 	 40.693000 	 70.000000 
860 	 40.641000 	 70.000000 
861 	 40.519000 	 70.000000 
862 	 40.569000 	 70.000000 
863 	 40.691000 	 70.000000 
864 	 40.713000 	 70.000000 
865 	 40.659000 	 70.000000 
866 	 40.692000 	 70.000000 
867 	 40.714000 	 70.000000 
868 	 40.708000 	 70.000000 
869 	 40.706000 	 70.000000 
870 	 40.741000 	 70.000000 
871 	 40.690000 	 70.000000 
872 	 40.527000 	 70.000000 
873 	 40.458000 	 70.000000 
874 	 40.522000 	 70.000000 
875 	 40.526000 	 70.000000 
876 	 40.560000 	 70.000000 
877 	 40.561000 	 70.000000 
878 	 40.587000 	 70.000000 
879 	 40.552000 	 70.000000 
880 	 40.465000 	 70.000000 
881 	 40.499000 	 70.000000 
882 	 40.486000 	 70.000000 
883 	 40.667000 	 70.000000 
884 	 40.746000 	 70.000000 
885 	 40.743000 	 70.000000 
886 	 40.790000 	 70.000000 
887 	 40.766000 	 70.000000 
888 	 40.729000 	 70.000000 
889 	 40.695000 	 70.000000 
890 	 40.644000 	 70.000000 
891 	 40.647000 	 70.000000 
892 	 40.709000 	 70.000000 
893 	 40.718000 	 70.000000 
894 	 40.669000 	 70.000000 
895 	 40.729000 	 70.000000 
896 	 40.761000 	 70.000000 
897 	 40.611000 	 70.000000 
898 	 40.476000 	 70.000000 
899 	 40.541000 	 70.000000 
900 	 40.683000 	 70.000000 
901 	 40.668000 	 70.000000 
902 	 40.722000 	 70.000000 
903 	 40.718000 	 70.000000 
904 	 40.647000 	 70.000000 
905 	 40.579000 	 70.000000 
906 	 40.715000 	 70.000000 
907 	 40.803000 	 70.000000 
908 	 40.839000 	 70.000000 
909 	 40.823000 	 70.000000 
910 	 40.767000 	 70.000000 
911 	 40.735000 	 70.000000 
912 	 40.795000 	 70.000000 
913 	 40.816000 	 70.000000 
914 	 40.672000 	 70.000000 
915 	 40.588000 	 70.000000 
916 	 40.569000 	 70.000000 
917 	 40.562000 	 70.000000 
918 	 40.524000 	 70.000000 
919 	 40.589000 	 70.000000 
920 	 40.693000 	 70.000000 
921 	 40.693000 	 70.000000 
922 	 40.631000 	 70.000000 
923 	 40.618000 	 70.000000 
924 	 40.623000 	 70.000000 
925 	 40.697000 	 70.000000 
926 	 40.753000 	 70.000000 
927 	 40.793000 	 70.000000 
928 	 40.822000 	 70.000000 
929 	 40.825000 	 70.000000 
930 	 40.759000 	 70.000000 
931 	 40.749000 	 70.000000 
932 	 40.782000 	 70.000000 
933 	 40.749000 	 70.000000 
934 	 40.669000 	 70.000000 
935 	 40.547000 	 70.000000 
936 	 40.489000 	 70.000000 
937 	 40.489000 	 70.000000 
938 	 40.400000 	 70.000000 
939 	 40.490000 	 70.000000 
940 	 40.470000 	 70.000000 
941 	 40.537000 	 70.000000 
942 	 40.626000 	 70.000000 
943 	 40.764000 	 70.000000 
944 	 40.784000 	 70.000000 
945 	 40.876000 	 70.000000 
946 	 40.870000 	 70.000000 
947 	 40.876000 	 70.000000 
948 	 40.838000 	 70.000000 
949 	 40.852000 	 70.000000 
950 	 40.907000 	 70.000000 
951 	 40.940000 	 70.000000 
952 	 40.879000 	 70.000000 
953 	 40.765000 	 70.000000 
954 	 40.598000 	 70.000000 
955 	 40.568000 	 70.000000 
956 	 40.629000 	 70.000000 
957 	 40.655000 	 70.000000 
958 	 40.692000 	 70.000000 
959 	 40.686000 	 70.000000 
960 	 40.606000 	 70.000000 
961 	 40.519000 	 70.000000 
962 	 40.482000 	 70.000000 
963 	 40.436000 	 70.000000 
964 	 40.449000 	 70.000000 
965 	 40.415000 	 70.000000 
966 	 40.455000 	 70.000000 
967 	 40.575000 	 70.000000 
968 	 40.673000 	 70.000000 
969 	 40.876000 	 70.000000 
970 	 40.919000 	 70.000000 
971 	 40.885000 	 70.000000 
972 	 40.840000 	 70.000000 
973 	 40.748000 	 70.000000 
974 	 40.702000 	 70.000000 
975 	 40.659000 	 70.000000 
976 	 40.651000 	 70.000000 
977 	 40.678000 	 70.000000 
978 	 40.728000 	 70.000000 
979 	 40.778000 	 70.000000 
980 	 40.782000 	 70.000000 
981 	 40.819000 	 70.000000 
982 	 40.819000 	 70.000000 
983 	 40.839000 	 70.000000 
984 	 40.863000 	 70.000000 
985 	 40.891000 	 70.000000 
986 	 40.899000 	 70.000000 
987 	 40.848000 	 70.000000 
988 	 40.788000 	 70.000000 
989 	 40.746000 	 70.000000 
990 	 40.807000 	 70.000000 
991 	 40.787000 	 71.200000 
992 	 40.856000 	 82.200000 
993 	 40.827000 	 93.200000 
994 	 40.833000 	 100.000000 
995 	 40.754000 	 100.000000 
996 	 40.686000 	 100.000000 
997 	 40.679000 	 100.000000 
998 	 40.544000 	 100.000000 
999 	 40.596000 	 100.000000 
1000 	 40.622000 	 100.000000 
1001 	 40.612000 	 100.000000 
1002 	 40.636000 	 100.000000 
1003 	 40.625000 	 100.000000 
1004 	 40.605000 	 100.000000 
1005 	 40.661000 	 100.000000 
1006 	 40.705000 	 100.000000 
1007 	 40.646000 	 100.000000 
1008 	 40.606000 	 100.000000 
1009 	 40.602000 	 100.000000 
1010 	 40.628000 	 100.000000 
1011 	 40.673000 	 100.000000 
1012 	 40.653000 	 100.000000 
1013 	 40.621000 	 100.000000 
1014 	 40.608000 	 100.000000 
1015 	 40.665000 	 100.000000 
1016 	 40.722000 	 100.000000 
1017 	 40.741000 	 100.000000 
1018 	 40.697000 	 100.000000 
1019 	 40.703000 	 100.000000 
1020 	 40.697000 	 100.000000 
1021 	 40.674000 	 100.000000 
1022 	 40.726000 	 100.000000 
1023 	 40.802000 	 100.000000 
1024 	 40.858000 	 100.000000 
1025 	 40.843000 	 100.000000 
1026 	 40.909000 	 100.000000 
1027 	 41.022000 	 100.000000 
1028 	 41.023000 	 100.000000 
1029 	 40.972000 	 100.000000 
1030 	 40.971000 	 100.000000 
1031 	 40.967000 	 100.000000 
1032 	 40.964000 	 100.000000 
1033 	 40.914000 	 100.000000 
1034 	 40.897000 	 100.000000 
1035 	 40.925000 	 100.000000 
1036 	 40.998000 	 100.000000 
1037 	 40.921000 	 100.000000 
1038 	 40.910000 	 100.000000 
1039 	 40.926000 	 100.000000 
1040 	 40.953000 	 100.000000 
1041 	 40.970000 	 100.000000 
1042 	 41.007000 	 100.000000 
1043 	 41.016000 	 100.000000 
1044 	 41.077000 	 100.000000 
1045 	 41.046000 	 100.000000 
1046 	 40.990000 	 100.000000 
1047 	 40.944000 	 100.000000 
1048 	 41.019000 	 100.000000 
1049 	 41.097000 	 100.000000 
1050 	 41.118000 	 95.500000 
1051 	 41.040000 	 84.500000 
1052 	 41.044000 	 73.500000 
1053 	 41.021000 	 62.500000 
1054 	 41.014000 	 51.500000 
1055 	 40.968000 	 50.300000 
1056 	 40.989000 	 50.000000 
1057 	 41.018000 	 50.000000 
1058 	 41.046000 	 50.000000 
1059 	 41.059000 	 50.000000 
1060 	 41.077000 	 50.000000 
1061 	 41.111000 	 50.000000 
1062 	 41.128000 	 50.000000 
1063 	 41.183000 	 50.000000 
1064 	 41.206000 	 50.000000 
1065 	 41.168000 	 50.000000 
1066 	 41.223000 	 50.000000 
1067 	 41.234000 	 50.000000 
1068 	 41.286000 	 50.000000 
1069 	 41.328000 	 50.000000 
1070 	 41.267000 	 50.000000 
1071 	 41.224000 	 50.000000 
1072 	 41.248000 	 50.000000 
1073 	 41.217000 	 50.000000 
1074 	 41.186000 	 50.000000 
1075 	 41.103000 	 50.000000 
1076 	 40.991000 	 50.000000 
1077 	 40.944000 	 50.000000 
1078 	 40.879000 	 50.000000 
1079 	 40.873000 	 50.000000 
1080 	 40.847000 	 50.000000 
1081 	 40.833000 	 50.000000 
1082 	 40.730000 	 50.000000 
1083 	 40.760000 	 50.000000 
1084 	 40.793000 	 50.000000 
1085 	 40.791000 	 50.000000 
1086 	 40.807000 	 50.000000 
1087 	 40.693000 	 50.000000 
1088 	 40.713000 	 50.000000 
1089 	 40.656000 	 50.000000 
1090 	 40.606000 	 50.000000 
1091 	 40.603000 	 50.000000 
1092 	 40.741000 	 50.000000 
1093 	 40.765000 	 50.000000 
1094 	 40.728000 	 50.000000 
1095 	 40.716000 	 50.000000 
1096 	 40.743000 	 50.000000 
1097 	 40.751000 	 50.000000 
1098 	 40.747000 	 50.000000 
1099 	 40.720000 	 50.000000 
1100 	 40.687000 	 50.000000 
1101 	 40.684000 	 50.000000 
1102 	 40.652000 	 50.000000 
1103 	 40.655000 	 50.000000 
1104 	 40.556000 	 50.000000 
1105 	 40.520000 	 50.000000 
1106 	 40.576000 	 50.000000 
1107 	 40.552000 	 50.000000 
1108 	 40.506000 	 50.000000 
1109 	 40.474000 	 50.000000 
1110 	 40.481000 	 50.000000 
1111 	 40.462000 	 50.000000 
1112 	 40.499000 	 50.000000 
1113 	 40.520000 	 50.000000 
1114 	 40.460000 	 50.000000 
1115 	 40.425000 	 50.000000 
1116 	 40.381000 	 50.000000 
1117 	 40.362000 	 50.000000 
1118 	 40.377000 	 50.000000 
1119 	 40.413000 	 50.000000 
1120 	 40.380000 	 50.000000 
1121 	 40.369000 	 50.000000 
1122 	 40.331000 	 50.000000 
1123 	 40.309000 	 50.000000 
1124 	 40.324000 	 50.000000 
1125 	 40.381000 	 50.100000 
1126 	 40.387000 	 50.200000 
1127 	 40.341000 	 60.100000 
1128 	 40.225000 	 71.100000 
1129 	 40.214000 	 75.700000 
1130 	 40.146000 	 79.100000 
1131 	 40.141000 	 80.300000 
1132 	 40.129000 	 80.000000 
1133 	 40.116000 	 80.000000 
1134 	 40.098000 	 80.000000 
1135 	 40.080000 	 80.000000 
1136 	 40.054000 	 80.000000 
1137 	 39.991000 	 80.000000 
1138 	 39.923000 	 80.000000 
1139 	 39.824000 	 80.000000 
1140 	 39.916000 	 80.000000 
1141 	 39.925000 	 80.000000 
1142 	 39.938000 	 80.000000 
1143 	 39.910000 	 80.000000 
1144 	 39.929000 	 80.000000 
1145 	 39.890000 	 80.000000 
1146 	 39.911000 	 80.000000 
1147 	 39.895000 	 80.000000 
1148 	 39.886000 	 80.000000 
1149 	 39.877000 	 80.000000 
1150 	 39.914000 	 80.000000 
1151 	 39.915000 	 80.000000 
1152 	 39.949000 	 80.000000 
1153 	 39.883000 	 80.000000 
1154 	 39.827000 	 80.000000 
1155 	 39.770000 	 80.000000 
1156 	 39.822000 	 80.000000 
1157 	 39.760000 	 80.000000 
1158 	 39.718000 	 80.000000 
1159 	 39.710000 	 80.000000 
1160 	 39.695000 	 80.000000 
1161 	 39.668000 	 80.000000 
1162 	 39.621000 	 80.000000 
1163 	 39.607000 	 80.000000 
1164 	 39.635000 	 80.000000 
1165 	 39.619000 	 80.000000 
1166 	 39.647000 	 80.000000 
1167 	 39.586000 	 80.000000 
1168 	 39.549000 	 80.000000 
1169 	 39.586000 	 80.000000 
1170 	 39.650000 	 80.000000 
1171 	 39.612000 	 80.000000 
1172 	 39.598000 	 80.000000 
1173 	 39.583000 	 80.000000 
1174 	 39.570000 	 80.000000 
1175 	 39.639000 	 80.000000 
1176 	 39.627000 	 80.000000 
1177 	 39.617000 	 80.000000 
1178 	 39.626000 	 80.000000 
1179 	 39.692000 	 80.000000 
1180 	 39.680000 	 80.000000 
1181 	 39.687000 	 80.000000 
1182 	 39.694000 	 80.000000 
1183 	 39.739000 	 80.000000 
1184 	 39.679000 	 80.000000 
1185 	 39.680000 	 80.000000 
1186 	 39.665000 	 80.000000 
1187 	 39.684000 	 80.000000 
1188 	 39.704000 	 80.000000 
1189 	 39.720000 	 80.000000 
1190 	 39.730000 	 80.000000 
1191 	 39.699000 	 80.000000 
1192 	 39.677000 	 80.000000 
1193 	 39.717000 	 80.000000 
1194 	 39.768000 	 80.000000 
1195 	 39.737000 	 80.000000 
1196 	 39.694000 	 80.000000 
1197 	 39.664000 	 80.000000 
1198 	 39.633000 	 80.000000 
1199 	 39.706000 	 80.000000 
1200 	 39.744000 	 80.000000 
1201 	 39.827000 	 80.000000 
1202 	 39.859000 	 80.000000 
1203 	 39.863000 	 80.000000 
1204 	 39.890000 	 80.000000 
1205 	 39.830000 	 80.000000 
1206 	 39.765000 	 80.000000 
1207 	 39.781000 	 80.000000 
1208 	 39.785000 	 80.000000 
1209 	 39.739000 	 80.000000 
1210 	 39.711000 	 80.000000 
1211 	 39.648000 	 80.000000 
1212 	 39.626000 	 80.000000 
1213 	 39.618000 	 80.000000 
1214 	 39.605000 	 80.000000 
1215 	 39.630000 	 80.000000 
1216 	 39.674000 	 80.000000 
1217 	 39.674000 	 80.000000 
1218 	 39.751000 	 80.000000 
1219 	 39.753000 	 80.000000 
1220 	 39.757000 	 80.000000 
1221 	 39.840000 	 80.000000 
1222 	 39.895000 	 80.000000 
1223 	 39.902000 	 80.000000 
1224 	 39.884000 	 80.000000 
1225 	 39.888000 	 80.000000 
1226 	 39.865000 	 80.000000 
1227 	 39.853000 	 80.000000 
1228 	 39.917000 	 80.000000 
1229 	 39.861000 	 80.000000 
1230 	 39.804000 	 80.000000 
1231 	 39.819000 	 80.000000 
1232 	 39.798000 	 80.000000 
1233 	 39.911000 	 80.000000 
1234 	 39.872000 	 80.000000 
1235 	 39.900000 	 80.000000 
1236 	 39.905000 	 80.000000 
1237 	 39.817000 	 80.000000 
1238 	 39.723000 	 80.000000 
1239 	 39.710000 	 80.000000 
1240 	 39.751000 	 80.000000 
1241 	 39.790000 	 80.000000 
1242 	 39.772000 	 80.000000 
1243 	 39.776000 	 80.000000 
1244 	 39.771000 	 80.000000 
1245 	 39.782000 	 80.000000 
1246 	 39.786000 	 80.000000 
1247 	 39.661000 	 80.000000 
1248 	 39.569000 	 80.000000 
1249 	 39.602000 	 80.000000 
1250 	 39.676000 	 80.000000 
1251 	 39.723000 	 80.000000 
1252 	 39.757000 	 80.000000 
1253 	 39.857000 	 80.000000 
1254 	 39.932000 	 80.000000 
1255 	 39.911000 	 80.000000 
1256 	 39.901000 	 80.000000 
1257 	 39.834000 	 80.000000 
1258 	 39.781000 	 80.000000 
1259 	 39.763000 	 80.000000 
1260 	 39.723000 	 80.000000 
1261 	 39.727000 	 80.000000 
1262 	 39.748000 	 80.000000 
1263 	 39.818000 	 80.000000 
1264 	 39.863000 	 80.000000 
1265 	 39.867000 	 80.000000 
1266 	 39.917000 	 80.000000 
1267 	 39.936000 	 80.000000 
1268 	 39.871000 	 80.000000 
1269 	 39.776000 	 80.000000 
1270 	 39.819000 	 80.000000 
1271 	 39.863000 	 80.000000 
1272 	 39.899000 	 80.000000 
1273 	 39.891000 	 80.000000 
1274 	 39.879000 	 80.000000 
1275 	 39.956000 	 80.000000 
1276 	 39.977000 	 80.000000 
1277 	 39.956000 	 80.000000 
1278 	 39.907000 	 80.000000 
1279 	 39.888000 	 80.000000 
1280 	 39.914000 	 80.000000 
1281 	 39.911000 	 80.000000 
1282 	 39.963000 	 80.000000 
1283 	 39.896000 	 80.000000 
1284 	 39.826000 	 80.000000 
1285 	 39.770000 	 80.000000 
1286 	 39.765000 	 80.000000 
1287 	 39.828000 	 80.000000 
1288 	 39.910000 	 80.000000 
1289 	 39.838000 	 80.000000 
1290 	 39.833000 	 80.000000 
1291 	 39.845000 	 80.000000 
1292 	 39.873000 	 80.000000 
1293 	 39.908000 	 80.000000 
1294 	 39.880000 	 80.000000 
1295 	 39.978000 	 80.000000 
1296 	 40.058000 	 80.000000 
1297 	 40.061000 	 80.000000 
1298 	 40.017000 	 80.000000 
1299 	 39.974000 	 80.000000 
1300 	 39.938000 	 80.000000 
1301 	 39.958000 	 80.000000 
1302 	 40.001000 	 80.000000 
1303 	 40.046000 	 80.000000 
1304 	 40.071000 	 80.000000 
1305 	 40.070000 	 80.000000 
1306 	 40.050000 	 80.000000 
1307 	 40.019000 	 80.000000 
1308 	 39.983000 	 80.000000 
1309 	 39.984000 	 80.000000 
1310 	 40.023000 	 80.000000 
1311 	 40.078000 	 80.000000 
1312 	 40.013000 	 80.000000 
1313 	 40.015000 	 80.000000 
1314 	 40.054000 	 80.000000 
1315 	 40.049000 	 80.000000 
1316 	 40.021000 	 80.000000 
1317 	 39.997000 	 80.000000 
1318 	 40.010000 	 80.000000 
1319 	 40.002000 	 80.000000 
1320 	 39.968000 	 80.000000 
1321 	 39.933000 	 80.000000 
1322 	 39.963000 	 80.000000 
1323 	 39.997000 	 80.000000 
1324 	 39.983000 	 80.000000 
1325 	 39.977000 	 80.000000 
1326 	 39.959000 	 80.000000 
1327 	 39.972000 	 80.000000 
1328 	 39.981000 	 80.000000 
1329 	 39.920000 	 80.000000 
1330 	 39.911000 	 80.000000 
1331 	 39.932000 	 80.000000 
1332 	 39.955000 	 80.000000 
1333 	 39.999000 	 80.000000 
1334 	 40.055000 	 80.000000 
1335 	 40.045000 	 80.000000 
1336 	 40.067000 	 80.000000 
1337 	 40.019000 	 80.000000 
1338 	 39.977000 	 80.000000 
1339 	 40.016000 	 80.000000 
1340 	 40.027000 	 80.000000 
1341 	 40.002000 	 80.000000 
1342 	 39.991000 	 80.000000 
1343 	 40.039000 	 80.000000 
1344 	 40.051000 	 80.000000 
1345 	 40.069000 	 80.000000 
1346 	 40.061000 	 80.000000 
1347 	 40.036000 	 80.000000 
1348 	 40.081000 	 80.000000 
1349 	 40.068000 	 80.000000 
1350 	 40.100000 	 80.000000 
1351 	 40.117000 	 80.000000 
1352 	 40.079000 	 80.000000 
1353 	 40.090000 	 76.600000 
1354 	 40.060000 	 65.600000 
1355 	 40.022000 	 54.600000 
1356 	 39.971000 	 43.600000 
1357 	 40.004000 	 32.600000 
1358 	 40.005000 	 21.600000 
1359 	 39.928000 	 10.600000 
1360 	 39.853000 	 0.000000 
1361 	 39.875000 	 0.000000 
1362 	 39.843000 	 0.000000 
1363 	 39.859000 	 0.000000 
1364 	 39.855000 	 0.000000 
1365 	 39.878000 	 0.000000 
1366 	 39.858000 	 0.000000 
1367 	 39.906000 	 0.000000 
1368 	 39.955000 	 0.000000 
1369 	 39.997000 	 0.000000 
1370 	 40.023000 	 0.000000 
1371 	 39.974000 	 0.000000 
1372 	 39.911000 	 0.000000 
1373 	 39.913000 	 0.000000 
1374 	 39.939000 	 0.000000 
1375 	 39.945000 	 0.000000 
1376 	 39.988000 	 0.000000 
1377 	 39.991000 	 0.000000 
1378 	 39.985000 	 0.000000 
1379 	 39.968000 	 0.000000 
1380 	 39.966000 	 0.000000 
1381 	 39.975000 	 0.000000 
1382 	 39.994000 	 0.000000 
1383 	 39.981000 	 0.000000 
1384 	 39.971000 	 0.000000 
1385 	 39.958000 	 0.100000 
1386 	 39.950000 	 10.000000 
1387 	 39.940000 	 16.700000 
1388 	 39.950000 	 20.100000 
1389 	 40.008000 	 31.100000 
1390 	 40.030000 	 42.100000 
1391 	 40.036000 	 43.400000 
1392 	 40.045000 	 43.500000 
1393 	 40.047000 	 50.100000 
1394 	 40.061000 	 50.000000 
1395 	 40.057000 	 50.000000 
1396 	 40.045000 	 50.000000 
1397 	 40.046000 	 50.000000 
1398 	 39.987000 	 50.000000 
1399 	 39.907000 	 50.000000 
1400 	 39.914000 	 50.000000 
1401 	 39.915000 	 50.000000 
1402 	 39.905000 	 50.000000 
1403 	 39.893000 	 50.000000 
1404 	 39.875000 	 50.000000 
1405 	 39.837000 	 50.000000 
1406 	 39.819000 	 50.000000 
1407 	 39.795000 	 50.000000 
1408 	 39.750000 	 50.000000 
1409 	 39.710000 	 50.000000 
1410 	 39.662000 	 50.000000 
1411 	 39.616000 	 50.000000 
1412 	 39.548000 	 50.000000 
1413 	 39.470000 	 50.000000 
1414 	 39.377000 	 50.000000 
1415 	 39.347000 	 50.000000 
1416 	 39.309000 	 50.000000 
1417 	 39.372000 	 50.000000 
1418 	 39.426000 	 50.000000 
1419 	 39.447000 	 50.000000 
1420 	 39.445000 	 50.000000 
1421 	 39.465000 	 50.000000 
1422 	 39.418000 	 50.000000 
1423 	 39.409000 	 50.000000 
1424 	 39.440000 	 50.000000 
1425 	 39.474000 	 50.000000 
1426 	 39.479000 	 50.000000 
1427 	 39.473000 	 50.000000 
1428 	 39.496000 	 50.000000 
1429 	 39.477000 	 50.000000 
1430 	 39.453000 	 50.000000 
1431 	 39.448000 	 50.000000 
1432 	 39.440000 	 50.000000 
1433 	 39.435000 	 50.000000 
1434 	 39.403000 	 50.000000 
1435 	 39.357000 	 50.000000 
1436 	 39.351000 	 50.000000 
1437 	 39.370000 	 50.000000 
1438 	 39.336000 	 50.000000 
1439 	 39.312000 	 50.000000 
1440 	 39.314000 	 50.000000 
1441 	 39.232000 	 50.100000 
1442 	 39.183000 	 53.500000 
1443 	 39.166000 	 56.900000 
1444 	 39.181000 	 59.100000 
1445 	 39.223000 	 55.600000 
1446 	 39.238000 	 55.400000 
1447 	 39.264000 	 55.000000 
1448 	 39.271000 	 55.000000 
1449 	 39.240000 	 55.000000 
1450 	 39.160000 	 55.000000 
1451 	 39.061000 	 55.000000 
1452 	 39.000000 	 55.000000 
1453 	 38.972000 	 59.500000 
1454 	 38.994000 	 67.200000 
1455 	 39.030000 	 68.400000 
1456 	 39.076000 	 70.400000 
1457 	 39.084000 	 70.100000 
1458 	 39.058000 	 70.000000 
1459 	 39.074000 	 70.000000 
1460 	 39.110000 	 70.000000 
1461 	 39.133000 	 70.000000 
1462 	 39.165000 	 70.000000 
1463 	 39.180000 	 70.000000 
1464 	 39.197000 	 70.000000 
1465 	 39.194000 	 70.000000 
1466 	 39.178000 	 70.000000 
1467 	 39.111000 	 70.000000 
1468 	 39.047000 	 70.000000 
1469 	 39.012000 	 70.000000 
1470 	 38.990000 	 70.000000 
1471 	 38.837000 	 70.000000 
1472 	 38.660000 	 70.000000 
1473 	 38.593000 	 70.000000 
1474 	 38.559000 	 70.000000 
1475 	 38.566000 	 70.000000 
1476 	 38.666000 	 70.000000 
1477 	 38.715000 	 70.000000 
1478 	 38.811000 	 70.000000 
1479 	 38.883000 	 69.900000 
1480 	 38.976000 	 62.200000 
1481 	 39.044000 	 58.800000 
1482 	 39.089000 	 58.800000 
1483 	 39.104000 	 58.900000 
1484 	 39.111000 	 63.500000 
1485 	 39.122000 	 64.900000 
1486 	 39.131000 	 67.400000 
1487 	 39.149000 	 69.700000 
1488 	 39.145000 	 69.900000 
1489 	 39.186000 	 70.000000 
1490 	 39.212000 	 70.000000 
1491 	 39.101000 	 70.000000 
1492 	 39.099000 	 70.000000 
1493 	 39.167000 	 70.000000 
1494 	 39.230000 	 70.000000 
1495 	 39.205000 	 70.000000 
1496 	 39.168000 	 70.000000 
1497 	 39.200000 	 70.000000 
1498 	 39.148000 	 70.000000 
1499 	 39.082000 	 70.000000 
1500 	 39.076000 	 70.000000 
1501 	 39.083000 	 70.000000 
1502 	 39.097000 	 70.000000 
1503 	 39.104000 	 70.000000 
1504 	 39.135000 	 70.000000 
1505 	 39.186000 	 70.000000 
1506 	 39.180000 	 70.000000 
1507 	 39.145000 	 70.000000 
1508 	 39.106000 	 70.000000 
1509 	 39.106000 	 70.000000 
1510 	 39.134000 	 70.000000 
1511 	 39.103000 	 70.000000 
1512 	 39.150000 	 70.000000 
1513 	 39.204000 	 70.000000 
1514 	 39.230000 	 70.000000 
1515 	 39.268000 	 70.000000 
1516 	 39.289000 	 70.000000 
1517 	 39.322000 	 70.000000 
1518 	 39.322000 	 70.000000 
1519 	 39.289000 	 70.000000 
1520 	 39.283000 	 70.000000 
1521 	 39.212000 	 70.000000 
1522 	 39.209000 	 70.000000 
1523 	 39.261000 	 70.000000 
1524 	 39.304000 	 70.000000 
1525 	 39.192000 	 70.000000 
1526 	 39.103000 	 70.000000 
1527 	 39.171000 	 70.000000 
1528 	 39.236000 	 70.000000 
1529 	 39.297000 	 70.000000 
1530 	 39.355000 	 70.000000 
1531 	 39.411000 	 70.000000 
1532 	 39.440000 	 70.000000 
1533 	 39.468000 	 70.000000 
1534 	 39.439000 	 70.000000 
1535 	 39.368000 	 70.000000 
1536 	 39.361000 	 70.000000 
1537 	 39.396000 	 70.000000 
1538 	 39.454000 	 70.000000 
1539 	 39.447000 	 70.000000 
1540 	 39.472000 	 70.000000 
1541 	 39.475000 	 70.000000 
1542 	 39.543000 	 70.000000 
1543 	 39.645000 	 70.000000 
1544 	 39.633000 	 70.000000 
1545 	 39.622000 	 70.000000 
1546 	 39.657000 	 70.000000 
1547 	 39.665000 	 70.000000 
1548 	 39.712000 	 70.000000 
1549 	 39.783000 	 70.000000 
1550 	 39.816000 	 70.000000 
1551 	 39.839000 	 70.000000 
1552 	 39.799000 	 70.000000 
1553 	 39.822000 	 70.000000 
1554 	 39.769000 	 70.000000 
1555 	 39.694000 	 70.000000 
1556 	 39.674000 	 70.000000 
1557 	 39.726000 	 70.000000 
1558 	 39.773000 	 70.000000 
1559 	 39.802000 	 70.000000 
1560 	 39.838000 	 70.000000 
1561 	 39.833000 	 70.000000 
1562 	 39.746000 	 70.000000 
1563 	 39.667000 	 70.000000 
1564 	 39.645000 	 70.000000 
1565 	 39.684000 	 70.000000 
1566 	 39.631000 	 70.000000 
1567 	 39.573000 	 70.000000 
1568 	 39.626000 	 69.900000 
1569 	 39.687000 	 69.500000 
1570 	 39.720000 	 62.900000 
1571 	 39.758000 	 62.700000 
1572 	 39.878000 	 61.300000 
1573 	 39.896000 	 61.000000 
1574 	 39.849000 	 60.900000 
1575 	 39.829000 	 60.700000 
1576 	 39.803000 	 60.400000 
1577 	 39.813000 	 60.100000 
1578 	 39.812000 	 60.000000 
1579 	 39.822000 	 60.000000 
1580 	 39.833000 	 60.000000 
1581 	 39.844000 	 60.000000 
1582 	 39.891000 	 60.000000 
1583 	 39.931000 	 60.000000 
1584 	 39.959000 	 60.000000 
1585 	 40.027000 	 60.000000 
1586 	 40.061000 	 60.000000 
1587 	 40.070000 	 60.000000 
1588 	 40.074000 	 60.000000 
1589 	 40.101000 	 60.000000 
1590 	 40.117000 	 60.000000 
1591 	 40.139000 	 60.000000 
1592 	 40.133000 	 60.000000 
1593 	 40.102000 	 60.000000 
1594 	 40.108000 	 60.000000 
1595 	 40.069000 	 60.000000 
1596 	 39.973000 	 60.000000 
1597 	 39.933000 	 60.000000 
1598 	 39.981000 	 60.000000 
1599 	 40.036000 	 60.000000 
1600 	 40.064000 	 60.000000 
1601 	 40.035000 	 60.000000 
1602 	 40.008000 	 60.000000 
1603 	 40.056000 	 60.000000 
1604 	 40.086000 	 60.000000 
1605 	 40.065000 	 60.000000 
1606 	 39.976000 	 60.000000 
1607 	 39.927000 	 60.000000 
1608 	 39.902000 	 60.000000 
1609 	 39.950000 	 60.000000 
1610 	 39.964000 	 60.000000 
1611 	 39.889000 	 60.000000 
1612 	 39.962000 	 60.000000 
1613 	 40.042000 	 60.000000 
1614 	 40.096000 	 60.000000 
1615 	 40.110000 	 60.000000 
1616 	 40.152000 	 60.000000 
1617 	 40.186000 	 60.000000 
1618 	 40.195000 	 60.000000 
1619 	 40.216000 	 60.000000 
1620 	 40.273000 	 60.000000 
1621 	 40.286000 	 60.000000 
1622 	 40.290000 	 60.000000 
1623 	 40.295000 	 60.000000 
1624 	 40.283000 	 60.000000 
1625 	 40.310000 	 60.000000 
1626 	 40.332000 	 60.000000 
1627 	 40.337000 	 60.000000 
1628 	 40.336000 	 60.000000 
1629 	 40.335000 	 60.000000 
1630 	 40.327000 	 59.900000 
1631 	 40.325000 	 53.300000 
1632 	 40.284000 	 50.900000 
1633 	 40.231000 	 49.600000 
1634 	 40.249000 	 49.900000 
1635 	 40.262000 	 50.000000 
1636 	 40.288000 	 50.000000 
1637 	 40.289000 	 50.000000 
1638 	 40.246000 	 50.000000 
1639 	 40.268000 	 50.000000 
1640 	 40.271000 	 50.000000 
1641 	 40.229000 	 50.000000 
1642 	 40.106000 	 50.000000 
1643 	 40.041000 	 50.000000 
1644 	 40.072000 	 50.000000 
1645 	 40.171000 	 50.000000 
1646 	 40.218000 	 50.000000 
1647 	 40.233000 	 50.000000 
1648 	 40.260000 	 50.000000 
1649 	 40.302000 	 50.000000 
1650 	 40.334000 	 50.000000 
1651 	 40.324000 	 50.000000 
1652 	 40.330000 	 50.000000 
1653 	 40.313000 	 50.000000 
1654 	 40.266000 	 50.000000 
1655 	 40.256000 	 50.000000 
1656 	 40.280000 	 50.000000 
1657 	 40.283000 	 50.000000 
1658 	 40.322000 	 50.000000 
1659 	 40.371000 	 50.000000 
1660 	 40.382000 	 50.000000 
1661 	 40.240000 	 50.000000 
1662 	 40.038000 	 50.000000 
1663 	 39.994000 	 50.000000 
1664 	 40.034000 	 50.000000 
1665 	 40.074000 	 50.000000 
1666 	 40.132000 	 50.000000 
1667 	 40.116000 	 50.000000 
1668 	 40.152000 	 50.000000 
1669 	 40.180000 	 50.000000 
1670 	 40.244000 	 50.000000 
1671 	 40.255000 	 50.000000 
1672 	 40.277000 	 50.000000 
1673 	 40.291000 	 50.000000 
1674 	 40.291000 	 50.000000 
1675 	 40.234000 	 50.000000 
1676 	 40.103000 	 50.000000 
1677 	 40.039000 	 50.000000 
1678 	 40.064000 	 50.000000 
1679 	 40.117000 	 50.000000 
1680 	 40.164000 	 50.000000 
1681 	 40.211000 	 50.000000 
1682 	 40.232000 	 50.000000 
1683 	 40.224000 	 50.000000 
1684 	 40.222000 	 50.000000 
1685 	 40.297000 	 50.000000 
1686 	 40.343000 	 50.000000 
1687 	 40.348000 	 50.000000 
1688 	 40.345000 	 50.000000 
1689 	 40.348000 	 50.000000 
1690 	 40.310000 	 50.000000 
1691 	 40.263000 	 50.000000 
1692 	 40.235000 	 50.000000 
1693 	 40.217000 	 50.000000 
1694 	 40.177000 	 50.000000 
1695 	 40.155000 	 50.000000 
1696 	 40.127000 	 50.000000 
1697 	 40.106000 	 50.000000 
1698 	 39.998000 	 50.000000 
1699 	 39.932000 	 50.000000 
1700 	 39.892000 	 50.000000 
1701 	 39.907000 	 50.000000 
1702 	 39.958000 	 50.000000 
1703 	 40.002000 	 50.000000 
1704 	 40.020000 	 50.000000 
1705 	 40.031000 	 50.000000 
1706 	 39.996000 	 50.000000 
1707 	 40.008000 	 50.000000 
1708 	 40.021000 	 50.000000 
1709 	 40.039000 	 50.000000 
1710 	 40.050000 	 50.000000 
1711 	 40.025000 	 51.200000 
1712 	 40.004000 	 52.500000 
1713 	 39.991000 	 54.800000 
1714 	 39.983000 	 55.000000 
1715 	 40.009000 	 55.000000 
1716 	 40.022000 	 55.000000 
1717 	 40.066000 	 55.000000 
1718 	 40.024000 	 55.000000 
1719 	 39.897000 	 55.000000 
1720 	 39.800000 	 55.000000 
1721 	 39.705000 	 55.000000 
1722 	 39.705000 	 55.000000 
1723 	 39.678000 	 55.000000 
1724 	 39.593000 	 55.000000 
1725 	 39.550000 	 55.000000 
1726 	 39.548000 	 55.000000 
1727 	 39.598000 	 55.000000 
1728 	 39.699000 	 55.000000 
1729 	 39.744000 	 55.000000 
1730 	 39.586000 	 55.000000 
1731 	 39.577000 	 55.000000 
1732 	 39.670000 	 55.000000 
1733 	 39.757000 	 55.000000 
1734 	 39.812000 	 55.000000 
1735 	 39.842000 	 55.000000 
1736 	 39.887000 	 55.000000 
1737 	 39.941000 	 55.000000 
1738 	 39.977000 	 55.000000 
1739 	 39.978000 	 55.000000 
1740 	 39.976000 	 55.000000 
1741 	 39.961000 	 55.000000 
1742 	 39.967000 	 55.000000 
1743 	 39.958000 	 55.000000 
1744 	 39.886000 	 55.000000 
1745 	 39.752000 	 55.000000 
1746 	 39.593000 	 55.000000 
1747 	 39.533000 	 55.000000 
1748 	 39.516000 	 55.000000 
1749 	 39.514000 	 55.000000 
1750 	 39.503000 	 55.000000 
1751 	 39.480000 	 55.000000 
1752 	 39.474000 	 55.000000 
1753 	 39.512000 	 55.000000 
1754 	 39.546000 	 55.000000 
1755 	 39.556000 	 55.000000 
1756 	 39.573000 	 55.000000 
1757 	 39.603000 	 55.000000 
1758 	 39.625000 	 57.300000 
1759 	 39.687000 	 60.600000 
1760 	 39.699000 	 60.300000 
1761 	 39.673000 	 60.000000 
1762 	 39.674000 	 60.000000 
1763 	 39.707000 	 60.000000 
1764 	 39.757000 	 60.000000 
1765 	 39.729000 	 60.000000 
1766 	 39.700000 	 60.000000 
1767 	 39.674000 	 60.000000 
1768 	 39.692000 	 60.000000 
1769 	 39.678000 	 60.000000 
1770 	 39.693000 	 60.000000 
1771 	 39.704000 	 60.000000 
1772 	 39.719000 	 60.000000 
1773 	 39.745000 	 60.000000 
1774 	 39.769000 	 60.000000 
1775 	 39.760000 	 60.000000 
1776 	 39.707000 	 60.000000 
1777 	 39.732000 	 60.000000 
1778 	 39.751000 	 60.000000 
1779 	 39.788000 	 60.000000 
1780 	 39.758000 	 60.000000 
1781 	 39.686000 	 60.000000 
1782 	 39.703000 	 60.000000 
1783 	 39.759000 	 60.000000 
1784 	 39.826000 	 60.000000 
1785 	 39.837000 	 60.000000 
1786 	 39.796000 	 60.000000 
1787 	 39.811000 	 60.000000 
1788 	 39.833000 	 60.000000 
1789 	 39.870000 	 60.000000 
1790 	 39.914000 	 60.000000 
1791 	 39.893000 	 60.000000 
1792 	 39.830000 	 60.000000 
1793 	 39.832000 	 60.000000 
1794 	 39.843000 	 60.000000 
1795 	 39.885000 	 60.000000 
1796 	 39.898000 	 60.000000 
1797 	 39.925000 	 60.000000 
1798 	 39.942000 	 60.000000 
1799 	 39.957000 	 60.000000 
1800 	 39.921000 	 60.000000 
1801 	 39.922000 	 60.000000 
1802 	 39.940000 	 60.000000 
1803 	 39.920000 	 60.000000 
1804 	 39.905000 	 60.000000 
1805 	 39.907000 	 60.000000 
1806 	 39.856000 	 60.000000 
1807 	 39.829000 	 60.000000 
1808 	 39.821000 	 60.000000 
1809 	 39.767000 	 60.000000 
1810 	 39.792000 	 60.000000 
1811 	 39.828000 	 60.000000 
1812 	 39.749000 	 60.000000 
1813 	 39.717000 	 60.000000 
1814 	 39.779000 	 60.000000 
1815 	 39.817000 	 60.000000 
1816 	 39.851000 	 60.000000 
1817 	 39.870000 	 60.000000 
1818 	 39.850000 	 60.000000 
1819 	 39.852000 	 60.000000 
1820 	 39.852000 	 60.000000 
1821 	 39.876000 	 60.000000 
1822 	 39.830000 	 60.000000 
1823 	 39.771000 	 60.000000 
1824 	 39.722000 	 60.000000 
1825 	 39.744000 	 60.000000 
1826 	 39.814000 	 60.000000 
1827 	 39.671000 	 60.000000 
1828 	 39.523000 	 60.000000 
1829 	 39.490000 	 60.000000 
1830 	 39.511000 	 60.000000 
1831 	 39.561000 	 60.000000 
1832 	 39.595000 	 60.000000 
1833 	 39.618000 	 60.000000 
1834 	 39.678000 	 60.000000 
1835 	 39.734000 	 60.000000 
1836 	 39.797000 	 60.000000 
1837 	 39.802000 	 60.000000 
1838 	 39.832000 	 60.000000 
1839 	 39.636000 	 60.000000 
1840 	 39.529000 	 60.000000 
1841 	 39.379000 	 60.000000 
1842 	 39.366000 	 60.000000 
1843 	 39.412000 	 60.000000 
1844 	 39.489000 	 60.000000 
1845 	 39.560000 	 60.000000 
1846 	 39.621000 	 60.000000 
1847 	 39.676000 	 60.000000 
1848 	 39.692000 	 60.000000 
1849 	 39.743000 	 60.000000 
1850 	 39.775000 	 60.000000 
1851 	 39.835000 	 60.000000 
1852 	 39.908000 	 60.000000 
1853 	 39.929000 	 60.000000 
1854 	 39.966000 	 60.000000 
1855 	 40.005000 	 60.000000 
1856 	 40.046000 	 60.000000 
1857 	 40.071000 	 60.000000 
1858 	 40.010000 	 60.000000 
1859 	 39.919000 	 60.000000 
1860 	 39.739000 	 60.000000 
1861 	 39.662000 	 60.000000 
1862 	 39.603000 	 60.000000 
1863 	 39.568000 	 60.000000 
