試料名        : 20201210160450      
オペレータ名  : maruyama            
コメント      :                                                   
分析グループ名: 簡単-100            
測定日時      : 2020-12-10 16:04:50
測定位置(mm)  : (  33.523, 24.218,33.15 )
 
[測定条件]
------------------------------------------------------------------------
装置:microEDX-1300[Si(Li):S]     分析径:50um
 
------------------------------------------------------------------------
測定チャンネル        TG kV  uA       Fl 取込  解析(keV)  Time(sec) DT%
------------------------------------------------------------------------
Na-U                  Rh 50  735-Auto -- 0-40  0.00-40.00 LT:   100  24
<プロファイル>
Channel_info_start
Channel      : Na-U
Points       : 4096
Range        : 0.0000 - 40.9500
Step         : 0.0100
0.
0.
0.
0.
0.
0.
0.
0.
0.
0.
0.
0.
0.
0.
0.
0.
0.
0.
0.
0.
0.
0.
0.
0.
0.
0.
0.
0.
0.
0.
0.
0.
0.
0.
0.
0.
0.
0.
0.
0.
0.
0.
0.
0.
0.
0.
0.
0.
0.
0.
0.
0.
0.
0.
0.
0.
0.
0.
0.
0.
0.
0.
0.
0.
0.
0.
0.
0.
0.
0.
0.
0.
0.
0.
0.
8.15771584e-005
2.053025153e-003
3.249490143e-003
1.767505099e-004
0.
0.
0.
0.
1.767505099e-004
2.828008158e-003
6.199864038e-003
5.016995241e-003
4.07885792e-003
2.569680489e-003
1.68592794e-003
1.3732155e-003
9.517335146e-004
4.758667573e-004
3.942895989e-004
2.447314752e-004
3.942895989e-004
2.991162475e-004
1.767505099e-004
2.175390891e-004
9.517335146e-005
1.087695445e-004
2.719238613e-004
2.311352821e-004
1.495581237e-004
1.767505099e-004
2.311352821e-004
2.175390891e-004
1.903467029e-004
1.087695445e-004
1.223657376e-004
1.631543168e-004
2.719238613e-004
1.223657376e-004
2.583276683e-004
2.175390891e-004
2.03942896e-004
2.311352821e-004
1.903467029e-004
1.631543168e-004
1.903467029e-004
1.767505099e-004
1.495581237e-004
2.175390891e-004
1.767505099e-004
2.855200544e-004
2.175390891e-004
2.03942896e-004
1.767505099e-004
9.517335146e-005
2.583276683e-004
2.311352821e-004
1.767505099e-004
1.903467029e-004
2.311352821e-004
2.03942896e-004
2.175390891e-004
1.767505099e-004
1.631543168e-004
3.242133251e-004
1.870171266e-004
2.804574535e-004
2.509621703e-004
2.20881732e-004
2.174771876e-004
3.360929873e-004
2.099051365e-004
3.423229938e-004
3.802233391e-004
3.647349969e-004
3.232873652e-004
3.91927383e-004
4.618004975e-004
3.559191868e-004
6.585795077e-004
6.216130417e-004
6.117667865e-004
8.191142269e-004
9.715604028e-004
1.218594775e-003
1.329097344e-003
1.507082122e-003
2.107409925e-003
2.365737593e-003
3.494221618e-003
3.752549286e-003
5.193745751e-003
6.322229776e-003
7.736233855e-003
9.231815092e-003
1.072739633e-002
1.245411285e-002
1.441196465e-002
1.567641061e-002
1.791978246e-002
1.868116927e-002
1.927940177e-002
1.900747791e-002
1.775662814e-002
1.628823929e-002
1.503738953e-002
1.336505778e-002
1.132562882e-002
9.123045547e-003
7.396329028e-003
5.479265806e-003
4.07885792e-003
3.19510537e-003
2.610469069e-003
1.998640381e-003
1.590754589e-003
1.114887831e-003
1.414004079e-003
9.245411285e-004
8.021753909e-004
7.749830048e-004
5.030591434e-004
5.438477226e-004
6.11828688e-004
5.982324949e-004
5.574439157e-004
5.846363018e-004
5.574439157e-004
5.982324949e-004
4.622705642e-004
4.894629504e-004
5.030591434e-004
5.438477226e-004
7.070020394e-004
6.11828688e-004
4.894629504e-004
6.526172672e-004
5.982324949e-004
8.021753909e-004
6.11828688e-004
5.438477226e-004
7.613868117e-004
6.526172672e-004
5.438477226e-004
5.302515296e-004
5.846363018e-004
6.526172672e-004
6.11828688e-004
7.070020394e-004
4.486743712e-004
5.710401088e-004
5.574439157e-004
6.662134602e-004
4.894629504e-004
5.574439157e-004
4.350781781e-004
5.710401088e-004
5.710401088e-004
3.670972128e-004
5.030591434e-004
4.07885792e-004
4.350781781e-004
3.806934058e-004
5.166553365e-004
5.302515296e-004
3.399048266e-004
5.710401088e-004
4.758667573e-004
3.535010197e-004
4.622705642e-004
4.21481985e-004
4.622705642e-004
2.855200544e-004
4.486743712e-004
4.350781781e-004
4.21481985e-004
3.670972128e-004
3.806934058e-004
4.21481985e-004
3.535010197e-004
2.311352821e-004
2.855200544e-004
2.855200544e-004
1.903467029e-004
2.719238613e-004
2.03942896e-004
1.903467029e-004
2.583276683e-004
2.175390891e-004
1.903467029e-004
2.991162475e-004
2.447314752e-004
2.03942896e-004
2.311352821e-004
3.535010197e-004
2.855200544e-004
3.127124405e-004
4.758667573e-004
2.719238613e-004
2.991162475e-004
3.263086336e-004
2.991162475e-004
3.399048266e-004
4.21481985e-004
3.670972128e-004
3.263086336e-004
2.583276683e-004
4.350781781e-004
4.21481985e-004
3.535010197e-004
3.942895989e-004
3.535010197e-004
2.03942896e-004
2.447314752e-004
3.263086336e-004
3.806934058e-004
5.030591434e-004
5.846363018e-004
6.390210741e-004
6.798096533e-004
8.15771584e-004
7.749830048e-004
8.15771584e-004
8.973487424e-004
7.885791978e-004
7.070020394e-004
9.109449354e-004
7.477906186e-004
6.934058464e-004
6.934058464e-004
7.613868117e-004
7.205982325e-004
6.526172672e-004
2.855200544e-004
4.07885792e-004
3.806934058e-004
2.719238613e-004
3.263086336e-004
3.399048266e-004
2.583276683e-004
3.127124405e-004
2.991162475e-004
3.127124405e-004
2.03942896e-004
2.175390891e-004
2.583276683e-004
4.350781781e-004
3.806934058e-004
2.991162475e-004
3.535010197e-004
3.263086336e-004
2.583276683e-004
1.903467029e-004
2.583276683e-004
2.311352821e-004
2.447314752e-004
2.991162475e-004
1.903467029e-004
2.175390891e-004
1.767505099e-004
2.583276683e-004
9.517335146e-005
2.447314752e-004
2.175390891e-004
2.855200544e-004
2.447314752e-004
2.583276683e-004
2.583276683e-004
1.087695445e-004
2.447314752e-004
2.03942896e-004
2.175390891e-004
2.175390891e-004
2.311352821e-004
3.670972128e-004
2.03942896e-004
1.767505099e-004
3.399048266e-004
2.311352821e-004
1.767505099e-004
2.03942896e-004
1.767505099e-004
1.359619307e-004
2.03942896e-004
1.631543168e-004
1.767505099e-004
3.399048266e-004
2.447314752e-004
1.631543168e-004
2.175390891e-004
2.175390891e-004
1.903467029e-004
2.175390891e-004
2.447314752e-004
2.583276683e-004
2.311352821e-004
2.447314752e-004
1.359619307e-004
1.767505099e-004
2.175390891e-004
1.495581237e-004
2.311352821e-004
2.311352821e-004
2.311352821e-004
1.631543168e-004
2.311352821e-004
2.991162475e-004
3.127124405e-004
3.806934058e-004
2.311352821e-004
3.535010197e-004
3.127124405e-004
3.942895989e-004
3.127124405e-004
3.942895989e-004
5.982324949e-004
5.982324949e-004
5.710401088e-004
6.390210741e-004
7.205982325e-004
8.29367777e-004
1.01971448e-003
8.15771584e-004
8.565601632e-004
8.837525493e-004
8.15771584e-004
9.109449354e-004
1.033310673e-003
7.885791978e-004
9.245411285e-004
1.087695445e-003
8.429639701e-004
1.19646499e-003
1.441196465e-003
1.074099252e-003
1.318830727e-003
1.305234534e-003
1.50917743e-003
1.495581237e-003
1.808293678e-003
1.577158396e-003
1.767505099e-003
1.971447995e-003
2.202583277e-003
2.134602311e-003
2.243371856e-003
2.107409925e-003
2.297756628e-003
2.202583277e-003
1.794697485e-003
2.053025153e-003
1.930659415e-003
2.243371856e-003
1.971447995e-003
1.944255608e-003
1.930659415e-003
2.447314752e-003
2.420122366e-003
2.678450034e-003
2.70564242e-003
2.814411965e-003
3.453433039e-003
3.888511217e-003
5.0985724e-003
6.498980286e-003
7.681849082e-003
8.606390211e-003
1.023793338e-002
1.325628824e-002
1.445275323e-002
1.660095173e-002
1.884432359e-002
1.967369137e-002
2.217539089e-002
2.386131883e-002
2.401087695e-002
2.564242012e-002
2.532970768e-002
2.447314752e-002
2.524813052e-002
2.247450714e-002
2.270564242e-002
2.048946295e-002
1.781101292e-002
1.649218219e-002
1.487423521e-002
1.197824609e-002
9.884432359e-003
7.967369137e-003
6.512576479e-003
5.288919103e-003
4.242012237e-003
3.439836846e-003
2.909585316e-003
2.746430999e-003
2.678450034e-003
2.3521414e-003
2.474507138e-003
2.895989123e-003
2.787219579e-003
3.399048266e-003
3.670972128e-003
3.820530252e-003
4.92182189e-003
5.805574439e-003
6.227056424e-003
6.444595513e-003
7.09721278e-003
8.15771584e-003
9.31339225e-003
1.045547247e-002
9.095853161e-003
1.110808973e-002
1.095853161e-002
1.0985724e-002
1.072739633e-002
1.014276003e-002
9.49014276e-003
9.259007478e-003
8.29367777e-003
7.817811013e-003
7.777022434e-003
7.029231815e-003
6.662134602e-003
5.492861999e-003
5.887151598e-003
5.193745751e-003
4.405166553e-003
3.562202583e-003
3.344663494e-003
3.521414004e-003
2.936777702e-003
2.70564242e-003
2.583276683e-003
2.760027192e-003
2.243371856e-003
2.787219579e-003
2.814411965e-003
2.868796737e-003
2.936777702e-003
2.923181509e-003
2.88239293e-003
3.031951054e-003
2.991162475e-003
3.045547247e-003
3.303874915e-003
3.154316791e-003
3.167912984e-003
2.787219579e-003
2.651257648e-003
2.338545207e-003
2.256968049e-003
2.012236574e-003
2.270564242e-003
1.903467029e-003
1.604350782e-003
1.441196465e-003
1.481985044e-003
8.429639701e-004
9.925220938e-004
9.381373215e-004
9.109449354e-004
8.973487424e-004
6.25424881e-004
8.837525493e-004
8.973487424e-004
9.381373215e-004
7.749830048e-004
8.701563562e-004
1.101291638e-003
9.517335146e-004
1.060503059e-003
8.701563562e-004
9.381373215e-004
1.155676411e-003
1.169272604e-003
1.346023114e-003
1.767505099e-003
1.577158396e-003
1.50917743e-003
1.54996601e-003
1.699524133e-003
1.481985044e-003
1.645139361e-003
1.604350782e-003
1.495581237e-003
1.441196465e-003
1.359619307e-003
1.101291638e-003
9.789259007e-004
9.109449354e-004
9.925220938e-004
9.109449354e-004
7.749830048e-004
7.205982325e-004
8.021753909e-004
7.613868117e-004
6.11828688e-004
6.662134602e-004
6.25424881e-004
7.613868117e-004
6.662134602e-004
7.885791978e-004
8.29367777e-004
7.477906186e-004
8.837525493e-004
8.429639701e-004
8.837525493e-004
8.837525493e-004
1.006118287e-003
1.01971448e-003
8.701563562e-004
9.653297077e-004
9.517335146e-004
8.701563562e-004
5.846363018e-004
6.934058464e-004
5.166553365e-004
6.798096533e-004
6.798096533e-004
5.438477226e-004
6.662134602e-004
5.030591434e-004
5.030591434e-004
5.166553365e-004
5.438477226e-004
4.350781781e-004
3.670972128e-004
3.942895989e-004
6.25424881e-004
3.942895989e-004
4.758667573e-004
5.574439157e-004
3.535010197e-004
3.535010197e-004
4.758667573e-004
2.991162475e-004
5.438477226e-004
4.07885792e-004
5.030591434e-004
4.350781781e-004
2.855200544e-004
4.350781781e-004
4.21481985e-004
6.25424881e-004
4.758667573e-004
5.302515296e-004
4.622705642e-004
5.574439157e-004
4.622705642e-004
5.030591434e-004
6.25424881e-004
5.302515296e-004
6.25424881e-004
5.030591434e-004
4.07885792e-004
4.622705642e-004
5.574439157e-004
6.25424881e-004
4.894629504e-004
5.982324949e-004
5.574439157e-004
4.350781781e-004
5.982324949e-004
5.710401088e-004
6.798096533e-004
6.390210741e-004
6.390210741e-004
6.526172672e-004
5.302515296e-004
4.622705642e-004
4.894629504e-004
4.622705642e-004
6.390210741e-004
6.798096533e-004
4.21481985e-004
4.758667573e-004
4.622705642e-004
5.710401088e-004
5.166553365e-004
3.535010197e-004
3.806934058e-004
3.127124405e-004
5.710401088e-004
5.710401088e-004
2.583276683e-004
4.758667573e-004
3.942895989e-004
3.535010197e-004
3.670972128e-004
4.894629504e-004
4.350781781e-004
3.535010197e-004
5.302515296e-004
3.399048266e-004
4.486743712e-004
3.399048266e-004
4.758667573e-004
4.486743712e-004
2.175390891e-004
5.030591434e-004
4.486743712e-004
6.11828688e-004
5.302515296e-004
5.030591434e-004
4.350781781e-004
3.127124405e-004
4.350781781e-004
2.447314752e-004
4.758667573e-004
2.991162475e-004
4.758667573e-004
4.894629504e-004
5.302515296e-004
5.030591434e-004
5.574439157e-004
4.07885792e-004
3.942895989e-004
4.350781781e-004
4.07885792e-004
5.166553365e-004
4.758667573e-004
4.350781781e-004
5.030591434e-004
4.622705642e-004
3.670972128e-004
5.166553365e-004
4.894629504e-004
3.806934058e-004
3.127124405e-004
4.486743712e-004
5.302515296e-004
3.942895989e-004
6.25424881e-004
4.758667573e-004
4.894629504e-004
3.806934058e-004
3.806934058e-004
5.166553365e-004
5.030591434e-004
5.574439157e-004
5.710401088e-004
4.486743712e-004
4.894629504e-004
6.11828688e-004
4.350781781e-004
5.438477226e-004
5.438477226e-004
5.438477226e-004
5.438477226e-004
4.758667573e-004
5.846363018e-004
5.846363018e-004
5.030591434e-004
5.302515296e-004
5.030591434e-004
4.894629504e-004
4.07885792e-004
5.846363018e-004
5.438477226e-004
6.798096533e-004
5.166553365e-004
5.846363018e-004
4.758667573e-004
5.846363018e-004
6.11828688e-004
5.030591434e-004
5.302515296e-004
6.390210741e-004
5.846363018e-004
5.846363018e-004
5.438477226e-004
4.622705642e-004
6.11828688e-004
6.934058464e-004
6.11828688e-004
4.622705642e-004
7.205982325e-004
6.934058464e-004
7.070020394e-004
6.526172672e-004
7.341944256e-004
8.15771584e-004
4.758667573e-004
5.302515296e-004
5.846363018e-004
6.11828688e-004
6.11828688e-004
5.302515296e-004
4.486743712e-004
8.021753909e-004
6.662134602e-004
7.885791978e-004
5.982324949e-004
5.166553365e-004
4.894629504e-004
5.982324949e-004
4.894629504e-004
6.526172672e-004
6.11828688e-004
4.350781781e-004
5.438477226e-004
4.350781781e-004
6.390210741e-004
5.302515296e-004
4.894629504e-004
6.25424881e-004
6.798096533e-004
8.021753909e-004
4.894629504e-004
5.030591434e-004
5.846363018e-004
5.302515296e-004
5.710401088e-004
6.526172672e-004
6.798096533e-004
7.613868117e-004
6.798096533e-004
5.574439157e-004
5.438477226e-004
7.613868117e-004
6.662134602e-004
5.846363018e-004
7.477906186e-004
7.477906186e-004
6.798096533e-004
5.302515296e-004
7.477906186e-004
8.429639701e-004
5.982324949e-004
7.613868117e-004
6.526172672e-004
7.070020394e-004
7.749830048e-004
7.749830048e-004
7.341944256e-004
6.390210741e-004
6.662134602e-004
7.205982325e-004
6.11828688e-004
9.109449354e-004
7.749830048e-004
7.205982325e-004
6.526172672e-004
7.477906186e-004
5.846363018e-004
9.109449354e-004
7.341944256e-004
7.205982325e-004
9.789259007e-004
7.613868117e-004
8.021753909e-004
6.798096533e-004
9.925220938e-004
7.477906186e-004
8.15771584e-004
7.885791978e-004
8.021753909e-004
6.390210741e-004
8.973487424e-004
1.033310673e-003
9.925220938e-004
5.982324949e-004
7.070020394e-004
8.15771584e-004
7.341944256e-004
8.565601632e-004
6.798096533e-004
7.613868117e-004
6.526172672e-004
7.885791978e-004
8.701563562e-004
8.15771584e-004
7.749830048e-004
7.477906186e-004
8.15771584e-004
8.429639701e-004
7.205982325e-004
7.885791978e-004
6.934058464e-004
8.021753909e-004
7.749830048e-004
8.021753909e-004
6.662134602e-004
8.837525493e-004
7.477906186e-004
9.109449354e-004
7.070020394e-004
7.341944256e-004
7.613868117e-004
7.885791978e-004
7.613868117e-004
7.477906186e-004
7.885791978e-004
7.477906186e-004
7.749830048e-004
6.662134602e-004
8.565601632e-004
6.934058464e-004
6.662134602e-004
7.341944256e-004
7.885791978e-004
7.749830048e-004
7.613868117e-004
6.11828688e-004
8.701563562e-004
7.070020394e-004
8.29367777e-004
5.982324949e-004
7.477906186e-004
6.526172672e-004
8.021753909e-004
7.885791978e-004
9.925220938e-004
9.381373215e-004
7.477906186e-004
9.109449354e-004
8.021753909e-004
6.526172672e-004
6.798096533e-004
6.25424881e-004
8.29367777e-004
8.837525493e-004
7.341944256e-004
8.837525493e-004
1.046906866e-003
8.429639701e-004
7.341944256e-004
7.070020394e-004
9.925220938e-004
1.033310673e-003
7.205982325e-004
8.021753909e-004
9.109449354e-004
1.046906866e-003
8.15771584e-004
9.109449354e-004
9.109449354e-004
1.060503059e-003
9.109449354e-004
7.477906186e-004
9.653297077e-004
9.517335146e-004
8.973487424e-004
1.101291638e-003
9.381373215e-004
9.381373215e-004
9.653297077e-004
9.925220938e-004
8.701563562e-004
7.885791978e-004
8.15771584e-004
8.973487424e-004
8.973487424e-004
8.701563562e-004
1.087695445e-003
1.046906866e-003
8.565601632e-004
1.033310673e-003
1.074099252e-003
8.701563562e-004
7.613868117e-004
1.060503059e-003
1.087695445e-003
1.3732155e-003
9.789259007e-004
1.006118287e-003
1.033310673e-003
9.381373215e-004
8.973487424e-004
8.429639701e-004
9.925220938e-004
8.701563562e-004
9.381373215e-004
1.046906866e-003
1.046906866e-003
8.837525493e-004
1.060503059e-003
1.142080218e-003
1.19646499e-003
1.074099252e-003
1.169272604e-003
1.060503059e-003
9.109449354e-004
1.19646499e-003
1.223657376e-003
1.087695445e-003
1.237253569e-003
1.128484024e-003
1.142080218e-003
1.210061183e-003
1.114887831e-003
1.346023114e-003
1.128484024e-003
1.468388851e-003
1.305234534e-003
9.925220938e-004
1.278042148e-003
1.454792658e-003
1.386811693e-003
1.481985044e-003
1.169272604e-003
1.128484024e-003
1.155676411e-003
1.223657376e-003
1.291638341e-003
1.223657376e-003
1.223657376e-003
1.237253569e-003
1.318830727e-003
1.400407886e-003
1.400407886e-003
1.223657376e-003
1.563562203e-003
1.155676411e-003
1.563562203e-003
1.250849762e-003
1.291638341e-003
1.604350782e-003
1.468388851e-003
1.54996601e-003
1.468388851e-003
1.495581237e-003
1.400407886e-003
1.441196465e-003
1.346023114e-003
1.536369816e-003
1.672331747e-003
1.631543168e-003
1.753908906e-003
1.808293678e-003
1.577158396e-003
1.767505099e-003
1.726716519e-003
1.767505099e-003
1.713120326e-003
1.604350782e-003
1.617946975e-003
1.971447995e-003
1.86267845e-003
1.645139361e-003
1.753908906e-003
1.971447995e-003
1.713120326e-003
1.917063222e-003
2.093813732e-003
2.012236574e-003
2.066621346e-003
2.107409925e-003
2.025832767e-003
2.066621346e-003
2.21617947e-003
2.066621346e-003
2.256968049e-003
2.624065262e-003
2.501699524e-003
2.596872876e-003
2.284160435e-003
3.004758668e-003
3.004758668e-003
3.004758668e-003
3.045547247e-003
2.88239293e-003
3.331067301e-003
3.249490143e-003
3.915703603e-003
3.888511217e-003
3.54860639e-003
4.269204623e-003
3.929299796e-003
4.473147519e-003
5.248130523e-003
4.146838885e-003
5.207341944e-003
4.826648538e-003
4.935418083e-003
5.207341944e-003
4.677090415e-003
4.962610469e-003
4.826648538e-003
4.813052345e-003
4.989802855e-003
4.772263766e-003
4.908225697e-003
3.956492182e-003
4.636301835e-003
4.051665534e-003
3.467029232e-003
3.7253569e-003
3.127124405e-003
3.249490143e-003
3.113528212e-003
2.841604351e-003
2.624065262e-003
2.692046227e-003
2.379333787e-003
2.270564242e-003
2.012236574e-003
2.488103331e-003
2.21617947e-003
2.365737593e-003
2.107409925e-003
2.148198504e-003
2.420122366e-003
2.148198504e-003
2.025832767e-003
2.188987084e-003
1.889870836e-003
1.876274643e-003
2.093813732e-003
1.808293678e-003
1.808293678e-003
1.849082257e-003
1.876274643e-003
1.930659415e-003
1.740312712e-003
1.713120326e-003
1.740312712e-003
1.713120326e-003
1.672331747e-003
1.767505099e-003
1.889870836e-003
1.50917743e-003
1.699524133e-003
1.767505099e-003
1.672331747e-003
1.672331747e-003
1.54996601e-003
1.577158396e-003
1.86267845e-003
1.522773623e-003
1.563562203e-003
1.454792658e-003
1.495581237e-003
1.753908906e-003
1.726716519e-003
1.577158396e-003
1.658735554e-003
1.50917743e-003
1.753908906e-003
1.740312712e-003
1.740312712e-003
1.577158396e-003
1.33242692e-003
1.577158396e-003
1.631543168e-003
1.699524133e-003
1.33242692e-003
1.631543168e-003
1.753908906e-003
1.495581237e-003
1.400407886e-003
1.454792658e-003
1.291638341e-003
1.291638341e-003
1.631543168e-003
1.33242692e-003
1.522773623e-003
1.414004079e-003
1.3732155e-003
1.291638341e-003
1.386811693e-003
1.767505099e-003
1.563562203e-003
1.481985044e-003
1.3732155e-003
1.631543168e-003
1.414004079e-003
1.33242692e-003
1.414004079e-003
1.318830727e-003
1.400407886e-003
1.590754589e-003
1.454792658e-003
1.359619307e-003
1.142080218e-003
1.291638341e-003
1.305234534e-003
1.305234534e-003
1.237253569e-003
1.604350782e-003
1.346023114e-003
1.536369816e-003
1.441196465e-003
1.101291638e-003
1.264445955e-003
1.278042148e-003
1.169272604e-003
1.250849762e-003
1.33242692e-003
1.169272604e-003
1.33242692e-003
1.359619307e-003
1.210061183e-003
1.414004079e-003
1.3732155e-003
1.182868797e-003
1.182868797e-003
1.414004079e-003
1.169272604e-003
1.155676411e-003
1.414004079e-003
1.54996601e-003
1.468388851e-003
1.291638341e-003
1.441196465e-003
1.386811693e-003
1.400407886e-003
1.33242692e-003
1.278042148e-003
1.346023114e-003
1.427600272e-003
1.400407886e-003
1.563562203e-003
1.590754589e-003
1.278042148e-003
1.359619307e-003
1.318830727e-003
1.536369816e-003
1.305234534e-003
1.346023114e-003
1.346023114e-003
1.291638341e-003
1.318830727e-003
1.128484024e-003
1.577158396e-003
1.3732155e-003
1.481985044e-003
1.400407886e-003
1.835486064e-003
1.577158396e-003
1.481985044e-003
1.237253569e-003
1.468388851e-003
1.54996601e-003
1.658735554e-003
1.50917743e-003
1.346023114e-003
1.468388851e-003
1.454792658e-003
1.33242692e-003
1.33242692e-003
1.645139361e-003
1.468388851e-003
1.699524133e-003
1.645139361e-003
1.645139361e-003
1.794697485e-003
1.917063222e-003
1.794697485e-003
1.794697485e-003
1.808293678e-003
2.025832767e-003
2.03942896e-003
2.161794697e-003
2.297756628e-003
1.889870836e-003
2.202583277e-003
2.134602311e-003
2.161794697e-003
2.460910945e-003
2.324949014e-003
2.664853841e-003
2.39292998e-003
2.596872876e-003
2.379333787e-003
2.474507138e-003
2.936777702e-003
2.800815772e-003
2.70564242e-003
3.181509177e-003
2.909585316e-003
2.936777702e-003
2.950373895e-003
3.045547247e-003
3.018354861e-003
2.963970088e-003
3.222297757e-003
3.453433039e-003
3.19510537e-003
2.936777702e-003
2.746430999e-003
3.467029232e-003
3.045547247e-003
2.760027192e-003
3.37185588e-003
2.895989123e-003
2.909585316e-003
3.19510537e-003
3.05914344e-003
3.399048266e-003
2.828008158e-003
2.950373895e-003
2.895989123e-003
2.719238613e-003
2.787219579e-003
2.773623385e-003
2.950373895e-003
3.317471108e-003
2.828008158e-003
2.70564242e-003
2.338545207e-003
2.787219579e-003
2.3521414e-003
2.324949014e-003
2.270564242e-003
2.148198504e-003
2.297756628e-003
2.202583277e-003
2.025832767e-003
1.821889871e-003
1.917063222e-003
1.985044188e-003
1.767505099e-003
1.726716519e-003
1.726716519e-003
1.536369816e-003
1.726716519e-003
1.713120326e-003
1.481985044e-003
1.19646499e-003
1.617946975e-003
1.68592794e-003
1.617946975e-003
1.495581237e-003
1.699524133e-003
1.495581237e-003
1.291638341e-003
1.441196465e-003
1.495581237e-003
1.536369816e-003
1.577158396e-003
1.726716519e-003
1.441196465e-003
1.645139361e-003
1.346023114e-003
1.849082257e-003
1.237253569e-003
1.604350782e-003
1.291638341e-003
1.346023114e-003
1.481985044e-003
1.386811693e-003
1.305234534e-003
1.3732155e-003
1.481985044e-003
1.114887831e-003
1.522773623e-003
1.414004079e-003
1.454792658e-003
1.182868797e-003
1.454792658e-003
1.128484024e-003
1.359619307e-003
1.50917743e-003
1.291638341e-003
1.441196465e-003
1.346023114e-003
1.19646499e-003
1.468388851e-003
1.617946975e-003
1.237253569e-003
1.223657376e-003
1.3732155e-003
1.291638341e-003
1.182868797e-003
1.386811693e-003
1.590754589e-003
1.305234534e-003
1.495581237e-003
1.264445955e-003
1.427600272e-003
1.182868797e-003
1.101291638e-003
1.3732155e-003
1.604350782e-003
1.427600272e-003
1.468388851e-003
1.359619307e-003
1.210061183e-003
1.169272604e-003
1.210061183e-003
1.414004079e-003
1.33242692e-003
1.346023114e-003
1.305234534e-003
1.318830727e-003
1.142080218e-003
1.590754589e-003
1.278042148e-003
1.19646499e-003
1.155676411e-003
1.155676411e-003
1.590754589e-003
1.54996601e-003
1.54996601e-003
1.182868797e-003
1.3732155e-003
1.33242692e-003
1.33242692e-003
1.101291638e-003
1.278042148e-003
1.114887831e-003
1.182868797e-003
1.386811693e-003
1.19646499e-003
1.468388851e-003
1.359619307e-003
1.128484024e-003
1.305234534e-003
1.3732155e-003
1.3732155e-003
1.359619307e-003
1.427600272e-003
1.060503059e-003
1.278042148e-003
1.210061183e-003
1.359619307e-003
1.386811693e-003
1.278042148e-003
1.278042148e-003
1.264445955e-003
1.291638341e-003
1.522773623e-003
1.278042148e-003
1.33242692e-003
1.346023114e-003
1.359619307e-003
1.699524133e-003
1.182868797e-003
1.278042148e-003
1.210061183e-003
1.495581237e-003
1.359619307e-003
1.305234534e-003
1.278042148e-003
1.454792658e-003
1.536369816e-003
1.590754589e-003
1.278042148e-003
1.305234534e-003
1.346023114e-003
1.3732155e-003
1.400407886e-003
1.454792658e-003
1.54996601e-003
1.604350782e-003
1.454792658e-003
1.590754589e-003
1.563562203e-003
1.359619307e-003
1.50917743e-003
1.33242692e-003
1.495581237e-003
1.699524133e-003
1.481985044e-003
1.849082257e-003
1.590754589e-003
1.68592794e-003
1.658735554e-003
1.590754589e-003
1.835486064e-003
1.577158396e-003
2.053025153e-003
2.03942896e-003
2.025832767e-003
1.808293678e-003
2.161794697e-003
2.161794697e-003
2.21617947e-003
2.012236574e-003
2.256968049e-003
2.025832767e-003
2.134602311e-003
1.985044188e-003
2.03942896e-003
2.243371856e-003
2.406526173e-003
1.957851801e-003
2.148198504e-003
2.025832767e-003
1.849082257e-003
1.971447995e-003
2.188987084e-003
1.930659415e-003
1.971447995e-003
1.808293678e-003
2.03942896e-003
2.053025153e-003
2.080217539e-003
1.957851801e-003
1.672331747e-003
1.604350782e-003
1.68592794e-003
1.617946975e-003
1.889870836e-003
1.658735554e-003
1.821889871e-003
1.849082257e-003
1.713120326e-003
1.563562203e-003
1.645139361e-003
1.713120326e-003
1.604350782e-003
1.400407886e-003
1.346023114e-003
1.318830727e-003
1.454792658e-003
1.400407886e-003
1.400407886e-003
1.33242692e-003
1.427600272e-003
1.414004079e-003
1.169272604e-003
1.210061183e-003
1.577158396e-003
1.414004079e-003
1.346023114e-003
1.3732155e-003
1.128484024e-003
1.359619307e-003
1.033310673e-003
1.346023114e-003
1.250849762e-003
1.278042148e-003
1.346023114e-003
1.250849762e-003
1.264445955e-003
1.060503059e-003
1.182868797e-003
1.101291638e-003
1.19646499e-003
1.169272604e-003
1.386811693e-003
1.101291638e-003
1.237253569e-003
1.046906866e-003
9.925220938e-004
1.169272604e-003
1.101291638e-003
1.087695445e-003
1.060503059e-003
1.318830727e-003
1.142080218e-003
1.155676411e-003
1.237253569e-003
1.155676411e-003
1.19646499e-003
1.223657376e-003
1.318830727e-003
1.155676411e-003
1.101291638e-003
1.223657376e-003
1.074099252e-003
1.114887831e-003
1.210061183e-003
1.155676411e-003
1.169272604e-003
1.386811693e-003
1.101291638e-003
1.006118287e-003
1.210061183e-003
1.046906866e-003
1.142080218e-003
1.006118287e-003
1.169272604e-003
1.128484024e-003
1.046906866e-003
9.653297077e-004
1.250849762e-003
1.01971448e-003
9.789259007e-004
1.291638341e-003
1.114887831e-003
1.210061183e-003
1.074099252e-003
1.01971448e-003
1.346023114e-003
1.264445955e-003
1.01971448e-003
1.169272604e-003
8.021753909e-004
1.060503059e-003
1.074099252e-003
8.973487424e-004
1.01971448e-003
9.109449354e-004
1.033310673e-003
9.381373215e-004
1.074099252e-003
1.074099252e-003
9.789259007e-004
1.441196465e-003
1.01971448e-003
1.169272604e-003
1.060503059e-003
1.264445955e-003
1.074099252e-003
1.19646499e-003
1.182868797e-003
1.101291638e-003
1.210061183e-003
1.346023114e-003
9.517335146e-004
1.237253569e-003
1.33242692e-003
1.101291638e-003
9.517335146e-004
1.155676411e-003
1.01971448e-003
1.101291638e-003
1.046906866e-003
1.074099252e-003
1.291638341e-003
9.925220938e-004
1.155676411e-003
1.318830727e-003
1.291638341e-003
1.142080218e-003
1.046906866e-003
1.128484024e-003
1.074099252e-003
9.925220938e-004
1.19646499e-003
1.060503059e-003
1.182868797e-003
1.128484024e-003
1.223657376e-003
1.087695445e-003
9.789259007e-004
9.789259007e-004
1.250849762e-003
1.346023114e-003
1.128484024e-003
8.565601632e-004
1.101291638e-003
1.101291638e-003
1.210061183e-003
1.006118287e-003
1.182868797e-003
1.305234534e-003
8.837525493e-004
1.223657376e-003
1.210061183e-003
1.182868797e-003
1.250849762e-003
1.155676411e-003
1.278042148e-003
1.305234534e-003
1.223657376e-003
1.074099252e-003
1.142080218e-003
1.155676411e-003
1.250849762e-003
1.386811693e-003
1.468388851e-003
1.237253569e-003
1.305234534e-003
1.182868797e-003
1.128484024e-003
1.19646499e-003
1.305234534e-003
1.441196465e-003
1.346023114e-003
1.250849762e-003
1.250849762e-003
1.250849762e-003
1.19646499e-003
1.604350782e-003
1.305234534e-003
1.210061183e-003
1.50917743e-003
1.386811693e-003
1.617946975e-003
1.414004079e-003
1.400407886e-003
1.414004079e-003
1.182868797e-003
1.278042148e-003
1.414004079e-003
1.400407886e-003
1.237253569e-003
1.441196465e-003
1.318830727e-003
1.3732155e-003
1.427600272e-003
1.536369816e-003
1.767505099e-003
1.522773623e-003
1.86267845e-003
1.658735554e-003
1.631543168e-003
1.699524133e-003
1.536369816e-003
1.740312712e-003
1.590754589e-003
1.672331747e-003
1.849082257e-003
1.359619307e-003
1.50917743e-003
1.631543168e-003
1.740312712e-003
1.590754589e-003
1.604350782e-003
1.971447995e-003
1.414004079e-003
1.468388851e-003
1.414004079e-003
1.631543168e-003
1.414004079e-003
1.645139361e-003
1.291638341e-003
1.672331747e-003
1.414004079e-003
1.291638341e-003
1.386811693e-003
1.441196465e-003
1.414004079e-003
1.563562203e-003
1.495581237e-003
1.346023114e-003
1.223657376e-003
1.400407886e-003
1.454792658e-003
1.400407886e-003
1.386811693e-003
1.19646499e-003
1.33242692e-003
1.264445955e-003
1.400407886e-003
1.114887831e-003
1.536369816e-003
1.291638341e-003
1.087695445e-003
1.50917743e-003
1.481985044e-003
1.3732155e-003
9.381373215e-004
1.278042148e-003
1.046906866e-003
1.305234534e-003
1.046906866e-003
1.291638341e-003
1.087695445e-003
1.305234534e-003
1.142080218e-003
1.128484024e-003
1.169272604e-003
1.54996601e-003
1.060503059e-003
1.237253569e-003
1.210061183e-003
1.318830727e-003
1.210061183e-003
1.305234534e-003
1.169272604e-003
1.169272604e-003
9.653297077e-004
1.414004079e-003
1.3732155e-003
1.033310673e-003
1.264445955e-003
8.973487424e-004
1.074099252e-003
1.3732155e-003
1.114887831e-003
1.114887831e-003
1.074099252e-003
1.223657376e-003
1.060503059e-003
1.01971448e-003
1.169272604e-003
1.250849762e-003
1.305234534e-003
1.006118287e-003
8.701563562e-004
1.223657376e-003
8.565601632e-004
1.060503059e-003
1.264445955e-003
1.414004079e-003
1.128484024e-003
9.925220938e-004
1.237253569e-003
1.101291638e-003
1.264445955e-003
1.318830727e-003
1.305234534e-003
1.264445955e-003
1.087695445e-003
1.291638341e-003
1.046906866e-003
1.3732155e-003
1.006118287e-003
1.33242692e-003
1.087695445e-003
1.223657376e-003
1.264445955e-003
1.128484024e-003
1.101291638e-003
1.237253569e-003
1.142080218e-003
1.128484024e-003
1.237253569e-003
1.237253569e-003
1.291638341e-003
1.278042148e-003
1.427600272e-003
9.381373215e-004
1.495581237e-003
1.101291638e-003
1.033310673e-003
1.250849762e-003
1.182868797e-003
1.278042148e-003
1.3732155e-003
1.414004079e-003
1.210061183e-003
1.359619307e-003
1.250849762e-003
1.223657376e-003
1.114887831e-003
1.33242692e-003
1.495581237e-003
1.400407886e-003
1.33242692e-003
1.278042148e-003
1.468388851e-003
1.522773623e-003
1.563562203e-003
1.318830727e-003
1.3732155e-003
1.3732155e-003
1.50917743e-003
1.33242692e-003
1.291638341e-003
1.454792658e-003
1.386811693e-003
1.386811693e-003
1.50917743e-003
1.33242692e-003
1.414004079e-003
1.808293678e-003
1.318830727e-003
1.699524133e-003
1.631543168e-003
1.617946975e-003
1.699524133e-003
1.645139361e-003
1.672331747e-003
1.441196465e-003
1.318830727e-003
1.414004079e-003
1.821889871e-003
1.740312712e-003
1.998640381e-003
1.781101292e-003
1.699524133e-003
2.107409925e-003
1.889870836e-003
1.985044188e-003
1.86267845e-003
2.03942896e-003
1.645139361e-003
1.68592794e-003
1.917063222e-003
1.713120326e-003
1.944255608e-003
1.86267845e-003
1.957851801e-003
1.889870836e-003
1.726716519e-003
2.243371856e-003
2.066621346e-003
2.243371856e-003
2.297756628e-003
2.324949014e-003
2.610469069e-003
2.447314752e-003
2.243371856e-003
2.70564242e-003
2.556084296e-003
2.256968049e-003
2.746430999e-003
2.692046227e-003
2.501699524e-003
2.651257648e-003
2.637661455e-003
2.732834806e-003
3.072739633e-003
2.991162475e-003
2.692046227e-003
2.760027192e-003
3.263086336e-003
3.263086336e-003
3.344663494e-003
3.752549286e-003
3.956492182e-003
3.861318831e-003
3.711760707e-003
4.228416044e-003
3.956492182e-003
4.242012237e-003
3.915703603e-003
4.201223657e-003
5.016995241e-003
4.690686608e-003
4.989802855e-003
3.997280761e-003
4.636301835e-003
4.595513256e-003
4.92182189e-003
4.853840925e-003
5.030591434e-003
5.0985724e-003
4.976206662e-003
5.084976207e-003
4.935418083e-003
5.261726717e-003
5.601631543e-003
5.166553365e-003
5.343303875e-003
5.193745751e-003
6.172671652e-003
5.696804895e-003
5.465669613e-003
5.560842964e-003
5.329707682e-003
5.316111489e-003
5.452073419e-003
5.41128484e-003
4.826648538e-003
5.057783821e-003
5.248130523e-003
4.840244731e-003
4.609109449e-003
4.908225697e-003
4.663494222e-003
4.785859959e-003
4.649898029e-003
4.799456152e-003
4.187627464e-003
4.500339905e-003
4.038069341e-003
3.929299796e-003
3.643779742e-003
3.983684568e-003
3.670972128e-003
4.106050306e-003
4.092454113e-003
3.630183549e-003
3.37185588e-003
3.521414004e-003
3.453433039e-003
3.399048266e-003
3.208701564e-003
3.249490143e-003
3.290278722e-003
3.399048266e-003
3.344663494e-003
2.773623385e-003
2.52889191e-003
2.88239293e-003
2.311352821e-003
2.52889191e-003
3.05914344e-003
3.099932019e-003
2.678450034e-003
2.583276683e-003
2.324949014e-003
2.596872876e-003
2.637661455e-003
2.474507138e-003
2.365737593e-003
2.460910945e-003
2.52889191e-003
2.297756628e-003
2.474507138e-003
2.379333787e-003
2.338545207e-003
2.053025153e-003
2.270564242e-003
2.21617947e-003
2.202583277e-003
2.107409925e-003
1.998640381e-003
1.767505099e-003
2.134602311e-003
1.808293678e-003
1.971447995e-003
1.971447995e-003
2.188987084e-003
2.025832767e-003
1.835486064e-003
1.985044188e-003
1.821889871e-003
1.794697485e-003
1.889870836e-003
1.481985044e-003
1.726716519e-003
1.740312712e-003
1.495581237e-003
1.713120326e-003
1.68592794e-003
1.753908906e-003
1.604350782e-003
1.930659415e-003
1.590754589e-003
1.54996601e-003
1.536369816e-003
1.672331747e-003
1.441196465e-003
1.753908906e-003
1.400407886e-003
1.604350782e-003
1.617946975e-003
1.414004079e-003
1.835486064e-003
1.753908906e-003
1.985044188e-003
1.577158396e-003
1.726716519e-003
1.645139361e-003
2.161794697e-003
1.672331747e-003
1.985044188e-003
2.297756628e-003
2.066621346e-003
2.03942896e-003
2.311352821e-003
2.324949014e-003
2.678450034e-003
2.447314752e-003
2.841604351e-003
3.222297757e-003
2.909585316e-003
3.031951054e-003
3.154316791e-003
3.399048266e-003
3.766145479e-003
4.065261727e-003
3.698164514e-003
3.643779742e-003
3.90210741e-003
3.888511217e-003
3.698164514e-003
4.269204623e-003
4.337185588e-003
4.527532291e-003
4.296397009e-003
4.364377974e-003
4.187627464e-003
4.364377974e-003
4.377974167e-003
4.106050306e-003
4.146838885e-003
4.038069341e-003
3.630183549e-003
3.643779742e-003
3.263086336e-003
3.467029232e-003
3.004758668e-003
2.963970088e-003
2.800815772e-003
2.596872876e-003
2.610469069e-003
2.569680489e-003
2.270564242e-003
1.808293678e-003
2.188987084e-003
1.781101292e-003
1.889870836e-003
1.631543168e-003
1.781101292e-003
1.522773623e-003
1.577158396e-003
1.264445955e-003
1.182868797e-003
1.536369816e-003
1.155676411e-003
1.54996601e-003
1.264445955e-003
1.278042148e-003
1.182868797e-003
1.114887831e-003
9.789259007e-004
1.210061183e-003
1.155676411e-003
9.517335146e-004
1.291638341e-003
1.087695445e-003
1.3732155e-003
1.087695445e-003
1.006118287e-003
1.087695445e-003
1.386811693e-003
1.128484024e-003
1.359619307e-003
1.142080218e-003
1.19646499e-003
1.19646499e-003
1.400407886e-003
1.33242692e-003
1.278042148e-003
1.264445955e-003
1.346023114e-003
1.223657376e-003
1.087695445e-003
1.250849762e-003
1.155676411e-003
1.046906866e-003
1.250849762e-003
1.087695445e-003
1.182868797e-003
1.481985044e-003
1.50917743e-003
1.400407886e-003
1.50917743e-003
1.454792658e-003
1.346023114e-003
1.386811693e-003
1.318830727e-003
1.454792658e-003
1.142080218e-003
9.789259007e-004
1.522773623e-003
1.291638341e-003
1.536369816e-003
1.359619307e-003
1.441196465e-003
1.536369816e-003
1.210061183e-003
1.291638341e-003
1.400407886e-003
1.631543168e-003
1.427600272e-003
1.19646499e-003
1.291638341e-003
1.50917743e-003
1.536369816e-003
1.427600272e-003
1.577158396e-003
1.414004079e-003
1.781101292e-003
1.33242692e-003
1.3732155e-003
1.305234534e-003
1.237253569e-003
1.50917743e-003
1.400407886e-003
1.210061183e-003
1.699524133e-003
1.359619307e-003
1.454792658e-003
1.346023114e-003
1.346023114e-003
1.291638341e-003
1.672331747e-003
1.454792658e-003
1.006118287e-003
1.359619307e-003
9.925220938e-004
1.237253569e-003
1.155676411e-003
1.250849762e-003
1.359619307e-003
1.237253569e-003
1.169272604e-003
9.925220938e-004
1.074099252e-003
1.414004079e-003
1.19646499e-003
1.101291638e-003
1.006118287e-003
1.046906866e-003
1.250849762e-003
1.01971448e-003
1.087695445e-003
1.087695445e-003
9.517335146e-004
8.837525493e-004
1.169272604e-003
8.021753909e-004
9.109449354e-004
1.101291638e-003
7.205982325e-004
1.033310673e-003
9.381373215e-004
9.245411285e-004
8.837525493e-004
8.15771584e-004
8.565601632e-004
8.29367777e-004
8.021753909e-004
1.087695445e-003
8.837525493e-004
1.046906866e-003
7.477906186e-004
7.070020394e-004
8.429639701e-004
7.613868117e-004
8.15771584e-004
7.070020394e-004
7.205982325e-004
7.477906186e-004
8.021753909e-004
1.01971448e-003
7.613868117e-004
1.114887831e-003
8.429639701e-004
7.885791978e-004
1.046906866e-003
8.565601632e-004
8.021753909e-004
8.565601632e-004
7.613868117e-004
6.798096533e-004
5.846363018e-004
7.341944256e-004
6.11828688e-004
7.749830048e-004
7.070020394e-004
5.710401088e-004
5.982324949e-004
8.29367777e-004
6.390210741e-004
5.302515296e-004
7.749830048e-004
6.390210741e-004
7.341944256e-004
6.11828688e-004
7.070020394e-004
7.749830048e-004
4.758667573e-004
5.710401088e-004
7.205982325e-004
6.25424881e-004
7.341944256e-004
6.390210741e-004
5.302515296e-004
5.574439157e-004
4.758667573e-004
6.526172672e-004
7.613868117e-004
6.11828688e-004
4.21481985e-004
5.166553365e-004
6.662134602e-004
6.662134602e-004
5.982324949e-004
5.710401088e-004
7.341944256e-004
6.934058464e-004
6.390210741e-004
4.758667573e-004
5.030591434e-004
5.166553365e-004
6.390210741e-004
6.11828688e-004
3.399048266e-004
5.710401088e-004
5.846363018e-004
5.438477226e-004
5.710401088e-004
3.942895989e-004
5.302515296e-004
5.710401088e-004
4.21481985e-004
6.526172672e-004
4.894629504e-004
5.846363018e-004
5.438477226e-004
5.982324949e-004
5.574439157e-004
6.526172672e-004
5.302515296e-004
5.982324949e-004
6.25424881e-004
6.662134602e-004
4.622705642e-004
5.438477226e-004
5.438477226e-004
4.894629504e-004
6.934058464e-004
6.662134602e-004
4.758667573e-004
7.477906186e-004
7.341944256e-004
6.25424881e-004
7.341944256e-004
5.982324949e-004
7.477906186e-004
7.070020394e-004
6.934058464e-004
7.885791978e-004
7.613868117e-004
8.565601632e-004
8.15771584e-004
8.15771584e-004
9.925220938e-004
9.517335146e-004
9.109449354e-004
1.101291638e-003
9.381373215e-004
1.01971448e-003
9.381373215e-004
1.060503059e-003
9.245411285e-004
8.021753909e-004
1.033310673e-003
1.006118287e-003
5.846363018e-004
9.653297077e-004
6.798096533e-004
8.701563562e-004
5.846363018e-004
5.846363018e-004
7.749830048e-004
7.205982325e-004
5.438477226e-004
6.390210741e-004
5.438477226e-004
6.11828688e-004
5.438477226e-004
4.486743712e-004
5.030591434e-004
4.758667573e-004
6.798096533e-004
4.350781781e-004
5.302515296e-004
4.350781781e-004
4.07885792e-004
4.350781781e-004
4.486743712e-004
5.302515296e-004
5.982324949e-004
5.302515296e-004
5.982324949e-004
5.982324949e-004
3.535010197e-004
5.846363018e-004
4.894629504e-004
5.574439157e-004
4.486743712e-004
5.030591434e-004
5.166553365e-004
7.341944256e-004
4.21481985e-004
5.166553365e-004
5.030591434e-004
3.263086336e-004
5.030591434e-004
5.166553365e-004
4.486743712e-004
6.11828688e-004
4.21481985e-004
4.07885792e-004
4.07885792e-004
4.894629504e-004
4.758667573e-004
5.030591434e-004
3.399048266e-004
3.127124405e-004
3.670972128e-004
4.07885792e-004
3.942895989e-004
3.670972128e-004
3.670972128e-004
1.903467029e-004
3.942895989e-004
3.127124405e-004
3.399048266e-004
5.574439157e-004
2.855200544e-004
3.399048266e-004
4.21481985e-004
4.350781781e-004
3.127124405e-004
3.942895989e-004
5.166553365e-004
2.447314752e-004
2.583276683e-004
2.719238613e-004
3.127124405e-004
2.447314752e-004
2.991162475e-004
3.806934058e-004
4.07885792e-004
3.263086336e-004
2.991162475e-004
2.583276683e-004
3.942895989e-004
3.670972128e-004
4.07885792e-004
5.438477226e-004
4.07885792e-004
4.07885792e-004
5.302515296e-004
3.263086336e-004
3.670972128e-004
3.670972128e-004
4.486743712e-004
3.127124405e-004
3.127124405e-004
3.127124405e-004
2.991162475e-004
4.21481985e-004
4.350781781e-004
3.670972128e-004
2.855200544e-004
2.991162475e-004
2.719238613e-004
3.127124405e-004
3.670972128e-004
3.127124405e-004
3.535010197e-004
3.806934058e-004
4.350781781e-004
3.535010197e-004
4.622705642e-004
3.670972128e-004
3.535010197e-004
3.535010197e-004
3.942895989e-004
3.535010197e-004
3.127124405e-004
3.806934058e-004
3.942895989e-004
3.127124405e-004
2.991162475e-004
2.991162475e-004
2.175390891e-004
3.806934058e-004
3.535010197e-004
3.670972128e-004
3.806934058e-004
2.583276683e-004
2.991162475e-004
5.030591434e-004
3.535010197e-004
2.719238613e-004
4.07885792e-004
3.127124405e-004
2.583276683e-004
3.399048266e-004
2.855200544e-004
4.894629504e-004
2.719238613e-004
3.127124405e-004
3.399048266e-004
2.719238613e-004
3.263086336e-004
3.127124405e-004
3.399048266e-004
3.127124405e-004
3.263086336e-004
2.311352821e-004
4.07885792e-004
2.991162475e-004
3.263086336e-004
2.03942896e-004
2.175390891e-004
2.719238613e-004
2.175390891e-004
1.903467029e-004
2.311352821e-004
2.447314752e-004
3.942895989e-004
3.806934058e-004
3.263086336e-004
2.991162475e-004
2.175390891e-004
3.670972128e-004
2.447314752e-004
3.263086336e-004
2.855200544e-004
3.535010197e-004
2.719238613e-004
2.583276683e-004
2.719238613e-004
1.903467029e-004
2.855200544e-004
2.447314752e-004
3.535010197e-004
4.350781781e-004
3.942895989e-004
2.855200544e-004
2.991162475e-004
2.991162475e-004
2.855200544e-004
2.583276683e-004
3.127124405e-004
2.719238613e-004
3.806934058e-004
3.670972128e-004
1.767505099e-004
2.175390891e-004
1.767505099e-004
4.07885792e-004
2.583276683e-004
2.583276683e-004
3.535010197e-004
2.583276683e-004
1.631543168e-004
2.991162475e-004
3.127124405e-004
3.263086336e-004
1.495581237e-004
2.855200544e-004
3.399048266e-004
2.855200544e-004
2.447314752e-004
1.631543168e-004
2.311352821e-004
2.855200544e-004
3.127124405e-004
2.175390891e-004
2.719238613e-004
2.855200544e-004
2.447314752e-004
2.311352821e-004
3.127124405e-004
3.399048266e-004
2.583276683e-004
1.767505099e-004
2.991162475e-004
2.311352821e-004
2.175390891e-004
3.670972128e-004
3.127124405e-004
3.127124405e-004
2.447314752e-004
3.263086336e-004
3.670972128e-004
3.127124405e-004
2.719238613e-004
1.495581237e-004
2.447314752e-004
1.631543168e-004
3.806934058e-004
2.311352821e-004
1.903467029e-004
3.127124405e-004
3.263086336e-004
2.175390891e-004
2.447314752e-004
2.03942896e-004
2.447314752e-004
2.311352821e-004
1.631543168e-004
3.263086336e-004
2.583276683e-004
2.855200544e-004
2.447314752e-004
2.991162475e-004
2.447314752e-004
2.175390891e-004
2.311352821e-004
2.311352821e-004
3.399048266e-004
2.311352821e-004
3.263086336e-004
2.447314752e-004
2.855200544e-004
2.719238613e-004
2.583276683e-004
2.855200544e-004
2.991162475e-004
2.03942896e-004
1.223657376e-004
2.175390891e-004
2.447314752e-004
1.903467029e-004
2.719238613e-004
2.311352821e-004
2.311352821e-004
2.175390891e-004
2.03942896e-004
2.175390891e-004
2.311352821e-004
2.447314752e-004
1.767505099e-004
1.767505099e-004
2.311352821e-004
2.991162475e-004
2.583276683e-004
1.767505099e-004
1.087695445e-004
1.495581237e-004
2.311352821e-004
2.719238613e-004
1.903467029e-004
1.359619307e-004
3.263086336e-004
2.03942896e-004
2.311352821e-004
2.991162475e-004
2.855200544e-004
3.127124405e-004
2.311352821e-004
1.223657376e-004
1.903467029e-004
1.359619307e-004
2.447314752e-004
1.903467029e-004
2.311352821e-004
2.447314752e-004
2.991162475e-004
1.223657376e-004
2.03942896e-004
1.631543168e-004
2.311352821e-004
2.719238613e-004
2.719238613e-004
2.175390891e-004
2.583276683e-004
1.631543168e-004
2.175390891e-004
2.03942896e-004
1.631543168e-004
2.311352821e-004
2.175390891e-004
2.719238613e-004
2.175390891e-004
2.855200544e-004
1.223657376e-004
1.767505099e-004
2.583276683e-004
1.903467029e-004
2.719238613e-004
2.855200544e-004
2.03942896e-004
1.631543168e-004
2.447314752e-004
2.311352821e-004
1.359619307e-004
2.175390891e-004
3.263086336e-004
2.311352821e-004
1.495581237e-004
1.903467029e-004
2.583276683e-004
1.903467029e-004
2.447314752e-004
1.087695445e-004
1.767505099e-004
2.03942896e-004
2.447314752e-004
1.903467029e-004
1.631543168e-004
1.767505099e-004
2.447314752e-004
1.223657376e-004
2.311352821e-004
1.903467029e-004
2.583276683e-004
2.175390891e-004
1.359619307e-004
2.855200544e-004
8.15771584e-005
1.495581237e-004
2.311352821e-004
1.631543168e-004
2.03942896e-004
1.359619307e-004
2.311352821e-004
1.903467029e-004
2.447314752e-004
1.359619307e-004
3.263086336e-004
1.767505099e-004
2.719238613e-004
2.311352821e-004
2.447314752e-004
2.991162475e-004
1.495581237e-004
2.311352821e-004
1.495581237e-004
2.583276683e-004
1.495581237e-004
9.517335146e-005
1.767505099e-004
1.087695445e-004
2.447314752e-004
2.03942896e-004
1.767505099e-004
2.175390891e-004
1.767505099e-004
2.175390891e-004
2.175390891e-004
1.495581237e-004
1.767505099e-004
1.767505099e-004
1.767505099e-004
2.03942896e-004
2.583276683e-004
2.175390891e-004
2.03942896e-004
2.447314752e-004
1.903467029e-004
1.767505099e-004
2.583276683e-004
2.175390891e-004
1.359619307e-004
1.903467029e-004
2.03942896e-004
2.855200544e-004
2.311352821e-004
1.087695445e-004
2.03942896e-004
1.495581237e-004
1.223657376e-004
2.311352821e-004
2.583276683e-004
1.903467029e-004
1.631543168e-004
1.359619307e-004
6.798096533e-005
1.767505099e-004
1.903467029e-004
1.359619307e-004
2.03942896e-004
1.631543168e-004
1.223657376e-004
1.087695445e-004
1.359619307e-004
2.583276683e-004
1.631543168e-004
2.447314752e-004
1.359619307e-004
1.495581237e-004
1.495581237e-004
2.719238613e-004
1.767505099e-004
2.311352821e-004
9.517335146e-005
8.15771584e-005
1.087695445e-004
1.631543168e-004
1.223657376e-004
1.767505099e-004
2.175390891e-004
2.03942896e-004
2.03942896e-004
1.767505099e-004
2.311352821e-004
1.495581237e-004
2.03942896e-004
2.175390891e-004
2.719238613e-004
2.447314752e-004
4.07885792e-005
1.903467029e-004
9.517335146e-005
1.767505099e-004
1.495581237e-004
1.767505099e-004
1.631543168e-004
1.359619307e-004
2.447314752e-004
1.087695445e-004
1.359619307e-004
1.087695445e-004
1.359619307e-004
2.03942896e-004
1.223657376e-004
2.175390891e-004
1.903467029e-004
1.903467029e-004
9.517335146e-005
1.903467029e-004
1.767505099e-004
1.495581237e-004
1.767505099e-004
1.767505099e-004
1.631543168e-004
8.15771584e-005
1.767505099e-004
1.631543168e-004
1.631543168e-004
9.517335146e-005
1.495581237e-004
1.087695445e-004
1.495581237e-004
1.903467029e-004
1.903467029e-004
1.359619307e-004
1.767505099e-004
1.223657376e-004
1.903467029e-004
1.767505099e-004
1.631543168e-004
1.631543168e-004
2.03942896e-004
2.175390891e-004
1.223657376e-004
1.495581237e-004
8.15771584e-005
8.15771584e-005
1.223657376e-004
6.798096533e-005
1.767505099e-004
1.359619307e-004
1.223657376e-004
2.03942896e-004
1.359619307e-004
1.359619307e-004
1.223657376e-004
1.223657376e-004
1.495581237e-004
1.903467029e-004
5.438477226e-005
1.767505099e-004
6.798096533e-005
1.087695445e-004
1.903467029e-004
1.223657376e-004
9.517335146e-005
2.583276683e-004
1.767505099e-004
9.517335146e-005
9.517335146e-005
2.447314752e-004
1.495581237e-004
4.07885792e-005
2.03942896e-004
1.087695445e-004
2.447314752e-004
6.798096533e-005
1.495581237e-004
5.438477226e-005
1.631543168e-004
9.517335146e-005
9.517335146e-005
1.631543168e-004
2.447314752e-004
1.631543168e-004
5.438477226e-005
1.767505099e-004
2.03942896e-004
1.359619307e-004
2.03942896e-004
2.311352821e-004
9.517335146e-005
2.175390891e-004
1.223657376e-004
1.359619307e-004
1.767505099e-004
1.767505099e-004
1.223657376e-004
8.15771584e-005
9.517335146e-005
1.631543168e-004
9.517335146e-005
8.15771584e-005
1.359619307e-004
1.223657376e-004
1.087695445e-004
1.223657376e-004
2.175390891e-004
1.223657376e-004
1.359619307e-004
1.359619307e-004
8.15771584e-005
1.359619307e-004
8.15771584e-005
1.359619307e-004
1.223657376e-004
1.359619307e-004
1.223657376e-004
6.798096533e-005
5.438477226e-005
1.495581237e-004
1.631543168e-004
1.631543168e-004
1.767505099e-004
4.07885792e-005
1.359619307e-004
1.087695445e-004
1.495581237e-004
1.359619307e-004
8.15771584e-005
8.15771584e-005
1.223657376e-004
1.495581237e-004
1.495581237e-004
1.495581237e-004
1.223657376e-004
1.223657376e-004
8.15771584e-005
6.798096533e-005
1.359619307e-004
1.223657376e-004
9.517335146e-005
1.223657376e-004
1.495581237e-004
1.223657376e-004
1.087695445e-004
1.631543168e-004
1.631543168e-004
1.087695445e-004
5.438477226e-005
1.223657376e-004
1.631543168e-004
8.15771584e-005
2.03942896e-004
1.087695445e-004
1.359619307e-004
1.359619307e-004
8.15771584e-005
4.07885792e-005
2.311352821e-004
1.087695445e-004
1.223657376e-004
6.798096533e-005
6.798096533e-005
6.798096533e-005
1.223657376e-004
8.15771584e-005
9.517335146e-005
1.223657376e-004
1.087695445e-004
9.517335146e-005
1.359619307e-004
1.087695445e-004
1.359619307e-004
1.767505099e-004
8.15771584e-005
1.087695445e-004
6.798096533e-005
9.517335146e-005
1.223657376e-004
1.903467029e-004
1.223657376e-004
6.798096533e-005
1.087695445e-004
1.359619307e-004
1.903467029e-004
1.495581237e-004
1.223657376e-004
1.631543168e-004
6.798096533e-005
9.517335146e-005
5.438477226e-005
1.087695445e-004
9.517335146e-005
1.495581237e-004
2.719238613e-005
1.495581237e-004
4.07885792e-005
8.15771584e-005
9.517335146e-005
1.359619307e-004
9.517335146e-005
1.223657376e-004
1.087695445e-004
8.15771584e-005
8.15771584e-005
1.223657376e-004
1.087695445e-004
1.223657376e-004
8.15771584e-005
5.438477226e-005
9.517335146e-005
1.359619307e-004
8.15771584e-005
1.223657376e-004
1.631543168e-004
1.087695445e-004
9.517335146e-005
1.903467029e-004
2.719238613e-005
1.495581237e-004
9.517335146e-005
6.798096533e-005
1.223657376e-004
6.798096533e-005
8.15771584e-005
1.087695445e-004
1.223657376e-004
6.798096533e-005
8.15771584e-005
1.223657376e-004
1.087695445e-004
1.223657376e-004
1.359619307e-004
8.15771584e-005
9.517335146e-005
9.517335146e-005
6.798096533e-005
8.15771584e-005
8.15771584e-005
8.15771584e-005
9.517335146e-005
4.07885792e-005
1.087695445e-004
8.15771584e-005
1.223657376e-004
5.438477226e-005
8.15771584e-005
8.15771584e-005
9.517335146e-005
5.438477226e-005
1.767505099e-004
1.359619307e-004
1.223657376e-004
8.15771584e-005
1.223657376e-004
8.15771584e-005
4.07885792e-005
1.631543168e-004
1.359619307e-005
9.517335146e-005
1.087695445e-004
6.798096533e-005
8.15771584e-005
1.223657376e-004
1.087695445e-004
1.903467029e-004
1.359619307e-004
6.798096533e-005
9.517335146e-005
1.087695445e-004
5.438477226e-005
1.631543168e-004
1.087695445e-004
8.15771584e-005
9.517335146e-005
8.15771584e-005
1.087695445e-004
1.087695445e-004
6.798096533e-005
6.798096533e-005
1.631543168e-004
1.087695445e-004
9.517335146e-005
6.798096533e-005
2.03942896e-004
8.15771584e-005
9.517335146e-005
9.517335146e-005
1.359619307e-004
5.438477226e-005
8.15771584e-005
1.767505099e-004
8.15771584e-005
6.798096533e-005
9.517335146e-005
1.087695445e-004
1.903467029e-004
8.15771584e-005
1.087695445e-004
1.359619307e-004
1.087695445e-004
6.798096533e-005
9.517335146e-005
1.087695445e-004
9.517335146e-005
5.438477226e-005
9.517335146e-005
8.15771584e-005
1.087695445e-004
9.517335146e-005
9.517335146e-005
1.495581237e-004
8.15771584e-005
2.719238613e-005
8.15771584e-005
6.798096533e-005
1.631543168e-004
6.798096533e-005
9.517335146e-005
5.438477226e-005
8.15771584e-005
9.517335146e-005
5.438477226e-005
6.798096533e-005
1.223657376e-004
8.15771584e-005
9.517335146e-005
1.223657376e-004
9.517335146e-005
5.438477226e-005
5.438477226e-005
8.15771584e-005
5.438477226e-005
1.903467029e-004
8.15771584e-005
8.15771584e-005
6.798096533e-005
8.15771584e-005
5.438477226e-005
5.438477226e-005
4.07885792e-005
4.07885792e-005
6.798096533e-005
5.438477226e-005
4.07885792e-005
8.15771584e-005
5.438477226e-005
1.359619307e-005
6.798096533e-005
6.798096533e-005
2.719238613e-005
1.087695445e-004
4.07885792e-005
6.798096533e-005
4.07885792e-005
1.223657376e-004
4.07885792e-005
6.798096533e-005
5.438477226e-005
6.798096533e-005
9.517335146e-005
8.15771584e-005
8.15771584e-005
4.07885792e-005
5.438477226e-005
9.517335146e-005
1.359619307e-005
4.07885792e-005
9.517335146e-005
8.15771584e-005
1.359619307e-005
5.438477226e-005
1.631543168e-004
6.798096533e-005
5.438477226e-005
4.07885792e-005
1.087695445e-004
5.438477226e-005
5.438477226e-005
5.438477226e-005
6.798096533e-005
2.719238613e-005
8.15771584e-005
5.438477226e-005
8.15771584e-005
4.07885792e-005
4.07885792e-005
2.719238613e-005
8.15771584e-005
5.438477226e-005
6.798096533e-005
9.517335146e-005
5.438477226e-005
4.07885792e-005
1.359619307e-004
1.087695445e-004
2.719238613e-005
6.798096533e-005
5.438477226e-005
1.359619307e-005
4.07885792e-005
2.719238613e-005
9.517335146e-005
8.15771584e-005
5.438477226e-005
8.15771584e-005
4.07885792e-005
6.798096533e-005
6.798096533e-005
5.438477226e-005
9.517335146e-005
1.631543168e-004
1.087695445e-004
6.798096533e-005
8.15771584e-005
4.07885792e-005
0.
1.359619307e-004
1.359619307e-005
8.15771584e-005
8.15771584e-005
4.07885792e-005
5.438477226e-005
2.719238613e-005
1.359619307e-005
9.517335146e-005
8.15771584e-005
4.07885792e-005
5.438477226e-005
4.07885792e-005
1.359619307e-005
8.15771584e-005
2.719238613e-005
8.15771584e-005
9.517335146e-005
8.15771584e-005
1.359619307e-005
4.07885792e-005
5.438477226e-005
8.15771584e-005
2.719238613e-005
5.438477226e-005
8.15771584e-005
8.15771584e-005
8.15771584e-005
6.798096533e-005
6.798096533e-005
8.15771584e-005
5.438477226e-005
2.719238613e-005
8.15771584e-005
1.087695445e-004
1.087695445e-004
9.517335146e-005
4.07885792e-005
5.438477226e-005
8.15771584e-005
5.438477226e-005
1.087695445e-004
5.438477226e-005
5.438477226e-005
6.798096533e-005
5.438477226e-005
8.15771584e-005
5.438477226e-005
5.438477226e-005
5.438477226e-005
8.15771584e-005
2.719238613e-005
8.15771584e-005
0.
4.07885792e-005
5.438477226e-005
8.15771584e-005
5.438477226e-005
4.07885792e-005
1.631543168e-004
1.359619307e-005
4.07885792e-005
2.719238613e-005
1.087695445e-004
8.15771584e-005
8.15771584e-005
9.517335146e-005
4.07885792e-005
1.359619307e-005
5.438477226e-005
2.719238613e-005
8.15771584e-005
4.07885792e-005
4.07885792e-005
6.798096533e-005
2.719238613e-005
5.438477226e-005
5.438477226e-005
0.
6.798096533e-005
5.438477226e-005
9.517335146e-005
6.798096533e-005
8.15771584e-005
2.719238613e-005
9.517335146e-005
1.087695445e-004
8.15771584e-005
6.798096533e-005
5.438477226e-005
5.438477226e-005
6.798096533e-005
2.719238613e-005
6.798096533e-005
5.438477226e-005
4.07885792e-005
5.438477226e-005
2.719238613e-005
2.719238613e-005
2.719238613e-005
4.07885792e-005
8.15771584e-005
1.087695445e-004
5.438477226e-005
5.438477226e-005
5.438477226e-005
6.798096533e-005
4.07885792e-005
4.07885792e-005
6.798096533e-005
2.719238613e-005
0.
5.438477226e-005
9.517335146e-005
4.07885792e-005
6.798096533e-005
1.359619307e-005
2.719238613e-005
0.
2.719238613e-005
4.07885792e-005
6.798096533e-005
2.719238613e-005
5.438477226e-005
5.438477226e-005
5.438477226e-005
9.517335146e-005
5.438477226e-005
2.719238613e-005
5.438477226e-005
6.798096533e-005
1.359619307e-005
5.438477226e-005
4.07885792e-005
1.087695445e-004
8.15771584e-005
5.438477226e-005
4.07885792e-005
6.798096533e-005
2.719238613e-005
2.719238613e-005
5.438477226e-005
4.07885792e-005
4.07885792e-005
4.07885792e-005
4.07885792e-005
5.438477226e-005
4.07885792e-005
6.798096533e-005
0.
2.719238613e-005
5.438477226e-005
1.087695445e-004
8.15771584e-005
8.15771584e-005
5.438477226e-005
1.359619307e-005
4.07885792e-005
6.798096533e-005
8.15771584e-005
2.719238613e-005
1.359619307e-005
0.
2.719238613e-005
5.438477226e-005
5.438477226e-005
4.07885792e-005
4.07885792e-005
5.438477226e-005
4.07885792e-005
1.359619307e-005
2.719238613e-005
2.719238613e-005
2.719238613e-005
5.438477226e-005
4.07885792e-005
6.798096533e-005
4.07885792e-005
1.359619307e-005
6.798096533e-005
1.359619307e-005
6.798096533e-005
4.07885792e-005
6.798096533e-005
9.517335146e-005
2.719238613e-005
6.798096533e-005
8.15771584e-005
4.07885792e-005
8.15771584e-005
6.798096533e-005
2.719238613e-005
4.07885792e-005
1.359619307e-005
5.438477226e-005
2.719238613e-005
4.07885792e-005
5.438477226e-005
0.
5.438477226e-005
5.438477226e-005
8.15771584e-005
8.15771584e-005
4.07885792e-005
9.517335146e-005
1.359619307e-005
1.359619307e-005
1.359619307e-005
6.798096533e-005
5.438477226e-005
2.719238613e-005
5.438477226e-005
2.719238613e-005
4.07885792e-005
2.719238613e-005
2.719238613e-005
8.15771584e-005
5.438477226e-005
1.359619307e-005
0.
6.798096533e-005
6.798096533e-005
5.438477226e-005
1.359619307e-005
5.438477226e-005
2.719238613e-005
2.719238613e-005
6.798096533e-005
1.359619307e-005
2.719238613e-005
6.798096533e-005
1.359619307e-005
6.798096533e-005
0.
1.359619307e-005
1.359619307e-005
1.359619307e-005
4.07885792e-005
9.517335146e-005
5.438477226e-005
0.
5.438477226e-005
5.438477226e-005
2.719238613e-005
5.438477226e-005
6.798096533e-005
5.438477226e-005
4.07885792e-005
9.517335146e-005
4.07885792e-005
2.719238613e-005
0.
4.07885792e-005
5.438477226e-005
4.07885792e-005
5.438477226e-005
0.
5.438477226e-005
4.07885792e-005
5.438477226e-005
6.798096533e-005
6.798096533e-005
2.719238613e-005
1.359619307e-005
0.
1.359619307e-005
4.07885792e-005
5.438477226e-005
0.
5.438477226e-005
4.07885792e-005
1.359619307e-005
2.719238613e-005
5.438477226e-005
2.719238613e-005
1.359619307e-005
1.359619307e-005
1.359619307e-005
2.719238613e-005
2.719238613e-005
5.438477226e-005
0.
6.798096533e-005
4.07885792e-005
2.719238613e-005
5.438477226e-005
4.07885792e-005
4.07885792e-005
8.15771584e-005
2.719238613e-005
6.798096533e-005
5.438477226e-005
0.
1.359619307e-005
4.07885792e-005
2.719238613e-005
2.719238613e-005
4.07885792e-005
4.07885792e-005
1.359619307e-005
2.719238613e-005
4.07885792e-005
8.15771584e-005
1.359619307e-005
4.07885792e-005
0.
1.359619307e-005
4.07885792e-005
2.719238613e-005
1.359619307e-005
4.07885792e-005
0.
1.359619307e-005
1.359619307e-005
5.438477226e-005
4.07885792e-005
4.07885792e-005
4.07885792e-005
1.359619307e-005
4.07885792e-005
2.719238613e-005
1.359619307e-005
5.438477226e-005
4.07885792e-005
0.
4.07885792e-005
2.719238613e-005
1.359619307e-005
0.
1.359619307e-005
2.719238613e-005
4.07885792e-005
1.359619307e-005
4.07885792e-005
2.719238613e-005
0.
0.
0.
1.359619307e-005
2.719238613e-005
2.719238613e-005
4.07885792e-005
1.359619307e-005
1.359619307e-005
2.719238613e-005
2.719238613e-005
0.
4.07885792e-005
1.359619307e-005
2.719238613e-005
1.359619307e-005
2.719238613e-005
1.359619307e-005
2.719238613e-005
4.07885792e-005
2.719238613e-005
1.359619307e-005
4.07885792e-005
6.798096533e-005
5.438477226e-005
4.07885792e-005
1.359619307e-005
1.359619307e-005
5.438477226e-005
2.719238613e-005
1.359619307e-005
1.359619307e-005
0.
0.
4.07885792e-005
4.07885792e-005
4.07885792e-005
1.359619307e-005
5.438477226e-005
4.07885792e-005
4.07885792e-005
5.438477226e-005
2.719238613e-005
4.07885792e-005
2.719238613e-005
0.
1.359619307e-005
2.719238613e-005
1.359619307e-005
2.719238613e-005
5.438477226e-005
2.719238613e-005
0.
2.719238613e-005
2.719238613e-005
1.359619307e-005
1.359619307e-005
2.719238613e-005
2.719238613e-005
0.
0.
2.719238613e-005
1.359619307e-005
0.
2.719238613e-005
0.
2.719238613e-005
4.07885792e-005
0.
2.719238613e-005
2.719238613e-005
4.07885792e-005
1.359619307e-005
5.438477226e-005
0.
6.798096533e-005
2.719238613e-005
1.359619307e-005
4.07885792e-005
2.719238613e-005
2.719238613e-005
1.359619307e-005
1.359619307e-005
1.359619307e-005
1.359619307e-005
1.359619307e-005
0.
1.359619307e-005
5.438477226e-005
4.07885792e-005
1.359619307e-005
0.
1.359619307e-005
2.719238613e-005
1.359619307e-005
2.719238613e-005
0.
0.
0.
2.719238613e-005
5.438477226e-005
1.359619307e-005
0.
2.719238613e-005
1.359619307e-005
0.
2.719238613e-005
2.719238613e-005
2.719238613e-005
4.07885792e-005
0.
1.359619307e-005
1.359619307e-005
5.438477226e-005
0.
1.359619307e-005
6.798096533e-005
1.359619307e-005
4.07885792e-005
0.
1.359619307e-005
1.359619307e-005
0.
5.438477226e-005
5.438477226e-005
5.438477226e-005
2.719238613e-005
2.719238613e-005
4.07885792e-005
1.359619307e-005
0.
4.07885792e-005
1.359619307e-005
2.719238613e-005
1.359619307e-005
4.07885792e-005
2.719238613e-005
1.359619307e-005
4.07885792e-005
4.07885792e-005
2.719238613e-005
1.359619307e-005
2.719238613e-005
0.
5.438477226e-005
4.07885792e-005
5.438477226e-005
1.359619307e-005
1.359619307e-005
4.07885792e-005
0.
1.359619307e-005
2.719238613e-005
1.359619307e-005
4.07885792e-005
0.
2.719238613e-005
1.359619307e-005
0.
0.
8.15771584e-005
2.719238613e-005
1.359619307e-005
1.359619307e-005
5.438477226e-005
1.359619307e-005
1.359619307e-005
0.
0.
1.359619307e-005
0.
1.359619307e-005
9.517335146e-005
1.359619307e-005
1.359619307e-005
4.07885792e-005
1.359619307e-005
4.07885792e-005
2.719238613e-005
1.359619307e-005
0.
1.359619307e-005
0.
0.
0.
5.438477226e-005
1.359619307e-005
1.359619307e-005
4.07885792e-005
1.359619307e-005
1.359619307e-005
0.
1.359619307e-005
1.359619307e-005
0.
0.
1.359619307e-005
0.
2.719238613e-005
0.
1.359619307e-005
1.359619307e-005
2.719238613e-005
5.438477226e-005
1.359619307e-005
0.
1.359619307e-005
1.359619307e-005
1.359619307e-005
0.
2.719238613e-005
0.
0.
4.07885792e-005
5.438477226e-005
1.359619307e-005
2.719238613e-005
1.359619307e-005
0.
0.
1.359619307e-005
4.07885792e-005
5.438477226e-005
2.719238613e-005
1.359619307e-005
4.07885792e-005
0.
4.07885792e-005
2.719238613e-005
4.07885792e-005
4.07885792e-005
2.719238613e-005
2.719238613e-005
1.359619307e-005
1.359619307e-005
2.719238613e-005
0.
1.359619307e-005
0.
1.359619307e-005
1.359619307e-005
0.
0.
5.438477226e-005
1.359619307e-005
1.359619307e-005
2.719238613e-005
1.359619307e-005
1.359619307e-005
2.719238613e-005
2.719238613e-005
0.
0.
1.359619307e-005
0.
1.359619307e-005
0.
1.359619307e-005
1.359619307e-005
0.
1.359619307e-005
1.359619307e-005
0.
2.719238613e-005
4.07885792e-005
2.719238613e-005
4.07885792e-005
0.
2.719238613e-005
1.359619307e-005
0.
0.
1.359619307e-005
0.
4.07885792e-005
0.
1.359619307e-005
1.359619307e-005
2.719238613e-005
5.438477226e-005
1.359619307e-005
1.359619307e-005
1.359619307e-005
2.719238613e-005
1.359619307e-005
0.
4.07885792e-005
0.
0.
1.359619307e-005
1.359619307e-005
4.07885792e-005
2.719238613e-005
1.359619307e-005
1.359619307e-005
1.359619307e-005
1.359619307e-005
2.719238613e-005
2.719238613e-005
1.359619307e-005
1.359619307e-005
0.
4.07885792e-005
2.719238613e-005
0.
0.
1.359619307e-005
4.07885792e-005
0.
1.359619307e-005
1.359619307e-005
0.
0.
1.359619307e-005
1.359619307e-005
0.
0.
1.359619307e-005
1.359619307e-005
1.359619307e-005
1.359619307e-005
1.359619307e-005
1.359619307e-005
1.359619307e-005
1.359619307e-005
0.
0.
1.359619307e-005
0.
2.719238613e-005
1.359619307e-005
2.719238613e-005
0.
2.719238613e-005
1.359619307e-005
1.359619307e-005
1.359619307e-005
1.359619307e-005
2.719238613e-005
1.359619307e-005
2.719238613e-005
0.
1.359619307e-005
1.359619307e-005
0.
0.
1.359619307e-005
0.
1.359619307e-005
0.
1.359619307e-005
0.
0.
0.
1.359619307e-005
0.
2.719238613e-005
0.
0.
1.359619307e-005
0.
0.
1.359619307e-005
1.359619307e-005
0.
0.
1.359619307e-005
0.
2.719238613e-005
0.
0.
1.359619307e-005
0.
0.
0.
1.359619307e-005
1.359619307e-005
0.
1.359619307e-005
0.
1.359619307e-005
0.
1.359619307e-005
1.359619307e-005
0.
0.
1.359619307e-005
1.359619307e-005
2.719238613e-005
0.
1.359619307e-005
0.
0.
0.
0.
0.
4.07885792e-005
1.359619307e-005
1.359619307e-005
1.359619307e-005
4.07885792e-005
0.
0.
0.
0.
1.359619307e-005
0.
0.
0.
2.719238613e-005
0.
0.
1.359619307e-005
0.
0.
2.719238613e-005
0.
0.
0.
1.359619307e-005
1.359619307e-005
2.719238613e-005
1.359619307e-005
1.359619307e-005
1.359619307e-005
1.359619307e-005
0.
0.
1.359619307e-005
0.
2.719238613e-005
0.
2.719238613e-005
2.719238613e-005
1.359619307e-005
0.
1.359619307e-005
1.359619307e-005
0.
0.
1.359619307e-005
1.359619307e-005
0.
0.
0.
1.359619307e-005
4.07885792e-005
1.359619307e-005
1.359619307e-005
2.719238613e-005
0.
1.359619307e-005
0.
0.
0.
0.
0.
0.
2.719238613e-005
0.
0.
0.
0.
0.
1.359619307e-005
0.
1.359619307e-005
0.
0.
1.359619307e-005
1.359619307e-005
0.
1.359619307e-005
0.
2.719238613e-005
1.359619307e-005
0.
1.359619307e-005
1.359619307e-005
1.359619307e-005
2.719238613e-005
0.
0.
1.359619307e-005
0.
1.359619307e-005
0.
1.359619307e-005
0.
1.359619307e-005
0.
1.359619307e-005
0.
0.
2.719238613e-005
1.359619307e-005
2.719238613e-005
0.
0.
1.359619307e-005
0.
0.
0.
1.359619307e-005
4.07885792e-005
1.359619307e-005
0.
0.
0.
1.359619307e-005
0.
0.
0.
0.
0.
0.
1.359619307e-005
1.359619307e-005
1.359619307e-005
0.
1.359619307e-005
2.719238613e-005
0.
1.359619307e-005
0.
0.
0.
5.438477226e-005
0.
1.359619307e-005
0.
1.359619307e-005
0.
1.359619307e-005
0.
4.07885792e-005
0.
0.
0.
0.
1.359619307e-005
0.
0.
0.
1.359619307e-005
1.359619307e-005
0.
1.359619307e-005
0.
2.719238613e-005
1.359619307e-005
0.
0.
0.
0.
0.
0.
0.
1.359619307e-005
0.
0.
1.359619307e-005
1.359619307e-005
0.
0.
0.
0.
0.
1.359619307e-005
1.359619307e-005
1.359619307e-005
1.359619307e-005
0.
0.
1.359619307e-005
1.359619307e-005
0.
1.359619307e-005
0.
1.359619307e-005
0.
0.
0.
0.
0.
0.
0.
0.
0.
1.359619307e-005
0.
0.
0.
1.359619307e-005
0.
0.
0.
1.359619307e-005
0.
0.
1.359619307e-005
0.
0.
0.
0.
2.719238613e-005
1.359619307e-005
0.
0.
2.719238613e-005
0.
1.359619307e-005
0.
0.
0.
1.155676411e-003
0.
Channel_info_end

<ピークリスト>
------------------------------------------------------------
チャンネル名          Line       keV     Net強度(cps/uA)
------------------------------------------------------------
Na-U                  ----       4.19      0.011           
                      BaLa       4.51      0.224         QF
                      TiKa       4.51      0.170         QF
                      BaLb1      4.87      0.131          F
                      TiKb       4.93      0.026          F
                      BaLb2      5.19      0.038          F
                      BaLg1      5.54      0.015          F
                      BaLg2      5.84      0.008          F
------------------------------------------------------------

[定量分析結果]
-----------------------------------------------------------------------------------
分析対象                分析結果            誤差   処理-計算  分析線   強度(cps/uA)
-----------------------------------------------------------------------------------
Ba                      57.2347 atom%       0.6476 定量-FP    BaLa          0.224
Ti                      42.7653 atom%       0.6288 定量-FP    TiKa          0.170
