??????        : 1210-2              
?I?y???[?^??  : maruyama            
?R?????g      : 1ch,100sec                                        
????O???[?v??: ??P-100            
???????      : 2020-12-10 16:20:48
?????u(mm)  : (  31.263, 45.985,33.14 )
 
[???????]
------------------------------------------------------------------------
???u:microEDX-1300[Si(Li):S]     ????a:50um
 
------------------------------------------------------------------------
????`?????l??        TG kV  uA       Fl ??  ???(keV)  Time(sec) DT%
------------------------------------------------------------------------
Na-U                  Rh 50 1000-Auto -- 0-40  0.00-40.00 LT:   100  23
<?v???t?@?C??>

Channel_info_start
Channel      : Na-U
Points       : 4096
Range        : 0.0000 - 40.9500
Step         : 0.0100
0.
0.
0.
0.
0.
0.
0.
0.
0.
0.
0.
0.
0.
0.
0.
0.
0.
0.
0.
0.
0.
0.
0.
0.
0.
0.
0.
0.
0.
0.
0.
0.
0.
0.
0.
0.
0.
0.
0.
0.
0.
0.
0.
0.
0.
0.
0.
0.
0.
0.
0.
0.
0.
0.
0.
0.
0.
0.
0.
0.
0.
0.
0.
0.
0.
0.
0.
0.
0.
0.
0.
0.
0.
0.
0.
1.5996001e-004
2.159460135e-003
1.589602599e-003
4.998750312e-005
0.
0.
0.
9.997500625e-006
3.399150212e-004
3.749062734e-003
5.648587853e-003
3.949012747e-003
3.249187703e-003
2.359410147e-003
1.629592602e-003
1.039740065e-003
7.19820045e-004
6.3984004e-004
3.1992002e-004
2.899275181e-004
2.39940015e-004
1.5996001e-004
1.799550112e-004
1.699575106e-004
2.199450137e-004
1.5996001e-004
1.999500125e-004
1.799550112e-004
9.997500625e-005
2.199450137e-004
1.799550112e-004
2.199450137e-004
2.799300175e-004
1.499625094e-004
1.499625094e-004
1.499625094e-004
1.999500125e-004
1.5996001e-004
1.299675081e-004
1.399650087e-004
2.099475131e-004
1.699575106e-004
2.199450137e-004
8.997750562e-005
1.5996001e-004
1.999500125e-004
1.899525119e-004
1.499625094e-004
2.299425144e-004
1.899525119e-004
2.39940015e-004
1.799550112e-004
1.5996001e-004
2.199450137e-004
1.899525119e-004
2.099475131e-004
2.599350162e-004
1.799550112e-004
1.399650087e-004
2.999250187e-004
1.999500125e-004
1.499625094e-004
1.899525119e-004
1.6434715e-004
2.899275181e-004
1.77045342e-004
2.756967857e-004
3.740119186e-004
2.920751924e-004
3.399074637e-004
3.976957537e-004
3.456713368e-004
4.539838658e-004
5.128813795e-004
4.925075958e-004
6.028588852e-004
7.239163827e-004
6.455963555e-004
8.075932793e-004
9.697500031e-004
1.181852748e-003
1.253791974e-003
1.505389363e-003
1.866622948e-003
2.147549e-003
2.978050933e-003
3.769057736e-003
4.418895276e-003
5.548612847e-003
6.818295426e-003
8.107973007e-003
1.012746813e-002
1.267683079e-002
1.370657336e-002
1.629592602e-002
1.962509373e-002
2.133466633e-002
2.488377906e-002
2.597350662e-002
2.819295176e-002
2.71732067e-002
2.741314671e-002
2.611347163e-002
2.55836041e-002
2.311422144e-002
1.985503624e-002
1.702574356e-002
1.388652837e-002
1.176705824e-002
9.017745564e-003
6.978255436e-003
6.008497876e-003
4.358910272e-003
3.35916021e-003
2.739315171e-003
1.849537616e-003
1.739565109e-003
1.469632592e-003
1.229692577e-003
1.249687578e-003
1.039740065e-003
9.697575606e-004
1.019745064e-003
9.897525619e-004
8.097975506e-004
7.19820045e-004
9.397650587e-004
7.298175456e-004
7.698075481e-004
8.297925519e-004
6.498375406e-004
8.597850537e-004
9.197700575e-004
8.197950512e-004
9.497625594e-004
9.297675581e-004
8.79780055e-004
8.597850537e-004
9.297675581e-004
9.297675581e-004
9.397650587e-004
9.097725569e-004
7.9980005e-004
9.5976006e-004
8.097975506e-004
9.297675581e-004
7.9980005e-004
9.697575606e-004
8.397900525e-004
7.698075481e-004
1.079730067e-003
7.398150462e-004
8.597850537e-004
8.497875531e-004
7.398150462e-004
8.597850537e-004
8.997750562e-004
7.598100475e-004
6.3984004e-004
5.998500375e-004
7.19820045e-004
8.697825544e-004
5.798550362e-004
7.19820045e-004
6.098475381e-004
5.798550362e-004
7.298175456e-004
6.098475381e-004
5.59860035e-004
4.898775306e-004
6.298425394e-004
5.498625344e-004
6.298425394e-004
5.59860035e-004
5.698575356e-004
5.698575356e-004
2.999250187e-004
4.698825294e-004
3.899025244e-004
2.999250187e-004
3.99900025e-004
3.399150212e-004
2.299425144e-004
2.599350162e-004
2.699325169e-004
1.5996001e-004
1.199700075e-004
1.399650087e-004
1.799550112e-004
1.199700075e-004
1.5996001e-004
1.499625094e-004
1.199700075e-004
1.999500125e-004
1.699575106e-004
1.299675081e-004
1.399650087e-004
1.799550112e-004
1.999500125e-004
1.699575106e-004
2.199450137e-004
1.5996001e-004
1.899525119e-004
1.399650087e-004
2.299425144e-004
2.39940015e-004
2.599350162e-004
1.999500125e-004
2.39940015e-004
1.899525119e-004
2.899275181e-004
2.099475131e-004
1.999500125e-004
2.39940015e-004
2.999250187e-004
2.599350162e-004
4.098975256e-004
4.698825294e-004
6.198450387e-004
7.098225444e-004
6.098475381e-004
7.698075481e-004
7.298175456e-004
9.397650587e-004
7.598100475e-004
6.898275431e-004
7.9980005e-004
6.798300425e-004
5.898525369e-004
5.798550362e-004
4.998750312e-004
4.098975256e-004
3.599100225e-004
3.599100225e-004
2.899275181e-004
2.39940015e-004
2.099475131e-004
3.099225194e-004
1.799550112e-004
1.5996001e-004
1.499625094e-004
2.599350162e-004
2.299425144e-004
1.099725069e-004
2.299425144e-004
1.999500125e-004
2.299425144e-004
2.199450137e-004
1.999500125e-004
1.899525119e-004
1.799550112e-004
2.199450137e-004
2.299425144e-004
2.199450137e-004
1.5996001e-004
2.199450137e-004
2.799300175e-004
1.499625094e-004
1.899525119e-004
1.199700075e-004
8.997750562e-005
1.999500125e-004
1.699575106e-004
1.799550112e-004
1.5996001e-004
1.299675081e-004
1.799550112e-004
1.799550112e-004
1.799550112e-004
1.899525119e-004
2.099475131e-004
1.699575106e-004
1.999500125e-004
1.899525119e-004
2.699325169e-004
1.999500125e-004
1.799550112e-004
2.699325169e-004
1.399650087e-004
1.699575106e-004
1.799550112e-004
1.399650087e-004
1.399650087e-004
1.899525119e-004
1.199700075e-004
1.5996001e-004
1.399650087e-004
8.997750562e-005
1.199700075e-004
1.199700075e-004
1.099725069e-004
1.399650087e-004
6.998250437e-005
3.99900025e-005
9.997500625e-005
5.998500375e-005
5.998500375e-005
7.9980005e-005
1.099725069e-004
7.9980005e-005
9.997500625e-005
2.199450137e-004
9.997500625e-005
1.899525119e-004
1.399650087e-004
1.199700075e-004
1.299675081e-004
1.199700075e-004
1.099725069e-004
8.997750562e-005
6.998250437e-005
1.199700075e-004
1.499625094e-004
1.199700075e-004
1.799550112e-004
1.799550112e-004
1.799550112e-004
2.099475131e-004
1.799550112e-004
1.899525119e-004
1.999500125e-004
2.799300175e-004
2.299425144e-004
2.499375156e-004
3.1992002e-004
2.999250187e-004
2.39940015e-004
2.899275181e-004
3.399150212e-004
4.7988003e-004
3.499125219e-004
4.198950262e-004
2.999250187e-004
8.197950512e-004
4.698825294e-004
5.898525369e-004
4.998750312e-004
5.198700325e-004
7.398150462e-004
7.098225444e-004
7.19820045e-004
6.698325419e-004
7.19820045e-004
7.19820045e-004
7.098225444e-004
7.19820045e-004
5.398650337e-004
5.798550362e-004
6.698325419e-004
4.598850287e-004
5.998500375e-004
5.798550362e-004
4.598850287e-004
4.898775306e-004
4.198950262e-004
4.598850287e-004
5.398650337e-004
6.198450387e-004
5.698575356e-004
7.698075481e-004
7.598100475e-004
1.129717571e-003
1.059735066e-003
1.209697576e-003
1.169707573e-003
1.569607598e-003
1.899525119e-003
1.959510122e-003
2.099475131e-003
2.369407648e-003
2.479380155e-003
3.069232692e-003
2.919270182e-003
3.119220195e-003
3.459135216e-003
3.349162709e-003
3.309172707e-003
3.179205199e-003
3.209197701e-003
2.899275181e-003
2.87928018e-003
2.579355161e-003
2.319420145e-003
2.099475131e-003
1.75956011e-003
1.549612597e-003
1.499625094e-003
1.039740065e-003
8.097975506e-004
6.798300425e-004
5.59860035e-004
5.098725319e-004
3.99900025e-004
4.898775306e-004
5.798550362e-004
5.998500375e-004
4.7988003e-004
5.198700325e-004
6.3984004e-004
6.098475381e-004
6.798300425e-004
8.397900525e-004
9.797550612e-004
1.039740065e-003
1.299675081e-003
1.449637591e-003
1.199700075e-003
1.509622594e-003
1.729567608e-003
1.809547613e-003
1.719570107e-003
1.639590102e-003
1.889527618e-003
1.809547613e-003
1.929517621e-003
1.899525119e-003
1.359660085e-003
1.509622594e-003
1.379655086e-003
1.43964009e-003
1.129717571e-003
1.109722569e-003
1.209697576e-003
9.5976006e-004
7.19820045e-004
7.398150462e-004
6.3984004e-004
6.798300425e-004
5.59860035e-004
5.798550362e-004
5.898525369e-004
5.098725319e-004
4.198950262e-004
4.598850287e-004
4.898775306e-004
4.7988003e-004
5.698575356e-004
4.198950262e-004
6.198450387e-004
5.498625344e-004
6.598350412e-004
5.998500375e-004
6.698325419e-004
6.3984004e-004
6.498375406e-004
6.798300425e-004
7.598100475e-004
5.59860035e-004
6.3984004e-004
5.298675331e-004
4.398900275e-004
4.598850287e-004
4.098975256e-004
3.699075231e-004
3.99900025e-004
3.1992002e-004
3.499125219e-004
3.1992002e-004
2.499375156e-004
2.699325169e-004
1.899525119e-004
2.299425144e-004
2.099475131e-004
2.299425144e-004
2.899275181e-004
3.1992002e-004
2.599350162e-004
2.599350162e-004
2.39940015e-004
2.099475131e-004
3.799050237e-004
4.7988003e-004
3.099225194e-004
3.1992002e-004
4.498875281e-004
2.999250187e-004
4.898775306e-004
4.7988003e-004
3.899025244e-004
3.399150212e-004
4.198950262e-004
4.598850287e-004
3.299175206e-004
4.298925269e-004
3.899025244e-004
4.498875281e-004
3.599100225e-004
4.298925269e-004
3.099225194e-004
3.399150212e-004
3.399150212e-004
2.899275181e-004
2.499375156e-004
2.099475131e-004
2.299425144e-004
2.699325169e-004
3.599100225e-004
2.199450137e-004
3.299175206e-004
2.999250187e-004
3.499125219e-004
3.1992002e-004
3.299175206e-004
3.799050237e-004
3.699075231e-004
2.899275181e-004
2.599350162e-004
3.099225194e-004
2.799300175e-004
2.999250187e-004
2.699325169e-004
3.299175206e-004
2.799300175e-004
3.699075231e-004
2.799300175e-004
3.499125219e-004
2.599350162e-004
3.299175206e-004
3.1992002e-004
3.499125219e-004
3.599100225e-004
3.399150212e-004
2.999250187e-004
2.999250187e-004
3.99900025e-004
2.599350162e-004
2.199450137e-004
2.199450137e-004
2.199450137e-004
2.39940015e-004
2.299425144e-004
2.799300175e-004
2.999250187e-004
3.499125219e-004
2.499375156e-004
3.1992002e-004
2.699325169e-004
2.499375156e-004
3.599100225e-004
2.899275181e-004
2.899275181e-004
4.7988003e-004
3.299175206e-004
3.599100225e-004
2.999250187e-004
2.699325169e-004
3.499125219e-004
3.499125219e-004
2.299425144e-004
3.1992002e-004
3.299175206e-004
4.198950262e-004
2.699325169e-004
5.098725319e-004
4.098975256e-004
3.699075231e-004
4.198950262e-004
3.99900025e-004
3.099225194e-004
3.1992002e-004
4.498875281e-004
4.898775306e-004
3.399150212e-004
5.098725319e-004
4.498875281e-004
3.399150212e-004
4.7988003e-004
3.899025244e-004
4.298925269e-004
3.799050237e-004
3.899025244e-004
4.198950262e-004
3.899025244e-004
4.498875281e-004
4.898775306e-004
4.298925269e-004
4.898775306e-004
4.298925269e-004
3.399150212e-004
3.299175206e-004
3.599100225e-004
3.699075231e-004
4.498875281e-004
3.99900025e-004
3.899025244e-004
4.198950262e-004
4.698825294e-004
4.298925269e-004
3.599100225e-004
3.299175206e-004
3.699075231e-004
3.899025244e-004
4.298925269e-004
5.098725319e-004
2.999250187e-004
4.098975256e-004
3.099225194e-004
4.298925269e-004
4.498875281e-004
3.399150212e-004
3.699075231e-004
3.899025244e-004
3.899025244e-004
4.298925269e-004
3.799050237e-004
4.098975256e-004
3.99900025e-004
4.7988003e-004
4.398900275e-004
3.699075231e-004
4.098975256e-004
4.698825294e-004
3.299175206e-004
5.698575356e-004
3.699075231e-004
3.499125219e-004
4.598850287e-004
4.598850287e-004
4.898775306e-004
3.499125219e-004
3.699075231e-004
4.698825294e-004
3.99900025e-004
4.498875281e-004
3.599100225e-004
4.598850287e-004
3.99900025e-004
3.699075231e-004
3.699075231e-004
4.098975256e-004
2.999250187e-004
4.7988003e-004
3.799050237e-004
4.298925269e-004
5.098725319e-004
4.7988003e-004
5.59860035e-004
3.899025244e-004
3.599100225e-004
4.898775306e-004
3.899025244e-004
5.398650337e-004
4.098975256e-004
3.99900025e-004
3.99900025e-004
3.1992002e-004
4.298925269e-004
4.498875281e-004
3.399150212e-004
4.598850287e-004
5.298675331e-004
4.098975256e-004
3.99900025e-004
5.298675331e-004
5.098725319e-004
4.7988003e-004
4.298925269e-004
5.698575356e-004
5.698575356e-004
4.7988003e-004
4.698825294e-004
4.298925269e-004
5.198700325e-004
5.198700325e-004
5.498625344e-004
4.698825294e-004
4.7988003e-004
5.698575356e-004
6.298425394e-004
5.998500375e-004
5.398650337e-004
3.799050237e-004
4.998750312e-004
5.098725319e-004
5.398650337e-004
7.698075481e-004
5.298675331e-004
4.698825294e-004
5.998500375e-004
5.798550362e-004
4.298925269e-004
5.998500375e-004
5.298675331e-004
4.098975256e-004
4.998750312e-004
4.698825294e-004
6.198450387e-004
4.698825294e-004
6.098475381e-004
4.998750312e-004
5.298675331e-004
5.298675331e-004
5.298675331e-004
6.698325419e-004
4.7988003e-004
5.698575356e-004
5.59860035e-004
5.298675331e-004
5.59860035e-004
5.698575356e-004
5.898525369e-004
6.798300425e-004
6.3984004e-004
5.998500375e-004
6.198450387e-004
6.3984004e-004
6.998250437e-004
6.598350412e-004
4.198950262e-004
5.398650337e-004
4.998750312e-004
5.898525369e-004
7.298175456e-004
6.298425394e-004
5.898525369e-004
5.998500375e-004
5.198700325e-004
6.298425394e-004
6.3984004e-004
6.298425394e-004
6.298425394e-004
5.298675331e-004
5.698575356e-004
6.498375406e-004
7.19820045e-004
5.898525369e-004
6.998250437e-004
6.698325419e-004
6.298425394e-004
6.998250437e-004
5.198700325e-004
7.19820045e-004
5.098725319e-004
7.098225444e-004
6.3984004e-004
7.798050487e-004
7.498125469e-004
7.19820045e-004
7.498125469e-004
7.19820045e-004
6.498375406e-004
7.398150462e-004
8.497875531e-004
5.59860035e-004
7.298175456e-004
7.298175456e-004
8.397900525e-004
7.398150462e-004
4.998750312e-004
5.498625344e-004
7.898025494e-004
7.9980005e-004
5.59860035e-004
7.898025494e-004
6.898275431e-004
6.298425394e-004
7.19820045e-004
6.998250437e-004
7.898025494e-004
7.098225444e-004
6.198450387e-004
6.598350412e-004
8.197950512e-004
7.498125469e-004
6.498375406e-004
7.898025494e-004
6.298425394e-004
5.798550362e-004
5.998500375e-004
7.298175456e-004
7.798050487e-004
5.898525369e-004
7.698075481e-004
7.598100475e-004
6.598350412e-004
8.297925519e-004
7.098225444e-004
7.498125469e-004
7.798050487e-004
6.598350412e-004
6.298425394e-004
7.498125469e-004
6.998250437e-004
6.298425394e-004
6.098475381e-004
6.298425394e-004
6.3984004e-004
7.098225444e-004
8.197950512e-004
6.298425394e-004
6.898275431e-004
6.498375406e-004
6.498375406e-004
6.498375406e-004
7.798050487e-004
6.798300425e-004
7.298175456e-004
6.698325419e-004
7.598100475e-004
7.798050487e-004
6.098475381e-004
8.297925519e-004
7.698075481e-004
8.097975506e-004
6.998250437e-004
7.19820045e-004
6.898275431e-004
8.397900525e-004
8.197950512e-004
7.9980005e-004
9.197700575e-004
8.497875531e-004
7.298175456e-004
7.598100475e-004
8.097975506e-004
8.79780055e-004
7.798050487e-004
7.898025494e-004
8.297925519e-004
8.597850537e-004
8.297925519e-004
7.398150462e-004
9.297675581e-004
7.898025494e-004
1.019745064e-003
8.397900525e-004
8.897775556e-004
8.597850537e-004
8.097975506e-004
1.019745064e-003
8.297925519e-004
8.097975506e-004
9.297675581e-004
9.297675581e-004
9.897525619e-004
1.079730067e-003
9.897525619e-004
8.497875531e-004
9.097725569e-004
9.497625594e-004
8.897775556e-004
9.397650587e-004
9.397650587e-004
9.197700575e-004
9.197700575e-004
8.297925519e-004
1.029742564e-003
1.019745064e-003
1.019745064e-003
8.897775556e-004
1.029742564e-003
1.159710072e-003
8.497875531e-004
1.049737566e-003
7.498125469e-004
1.009747563e-003
9.997500625e-004
1.029742564e-003
8.897775556e-004
1.099725069e-003
1.019745064e-003
1.129717571e-003
9.097725569e-004
1.039740065e-003
1.11972007e-003
9.997500625e-004
1.169707573e-003
1.009747563e-003
1.159710072e-003
9.497625594e-004
1.229692577e-003
9.797550612e-004
8.697825544e-004
1.039740065e-003
1.129717571e-003
1.129717571e-003
1.159710072e-003
8.897775556e-004
1.069732567e-003
1.209697576e-003
9.997500625e-004
1.069732567e-003
1.179705074e-003
1.089727568e-003
1.299675081e-003
1.259685079e-003
1.189702574e-003
1.11972007e-003
1.079730067e-003
1.299675081e-003
1.159710072e-003
1.309672582e-003
1.189702574e-003
1.229692577e-003
1.339665084e-003
1.249687578e-003
1.27968008e-003
1.339665084e-003
1.299675081e-003
1.159710072e-003
1.27968008e-003
1.189702574e-003
1.539615096e-003
1.309672582e-003
1.349662584e-003
1.589602599e-003
1.529617596e-003
1.159710072e-003
1.399650087e-003
1.519620095e-003
1.449637591e-003
1.419645089e-003
1.389652587e-003
1.309672582e-003
1.469632592e-003
1.499625094e-003
1.369657586e-003
1.449637591e-003
1.639590102e-003
1.659585104e-003
1.569607598e-003
1.389652587e-003
1.359660085e-003
1.449637591e-003
1.749562609e-003
1.409647588e-003
1.369657586e-003
1.609597601e-003
1.389652587e-003
1.769557611e-003
1.949512622e-003
1.619595101e-003
1.749562609e-003
1.849537616e-003
1.619595101e-003
1.629592602e-003
1.829542614e-003
1.589602599e-003
1.519620095e-003
1.669582604e-003
1.809547613e-003
1.559610097e-003
1.999500125e-003
1.949512622e-003
1.729567608e-003
1.869532617e-003
1.789552612e-003
1.639590102e-003
1.75956011e-003
1.499625094e-003
1.709572607e-003
1.75956011e-003
1.779555111e-003
1.849537616e-003
1.91952012e-003
1.959510122e-003
2.119470132e-003
2.029492627e-003
2.049487628e-003
1.859535116e-003
1.969507623e-003
1.909522619e-003
2.139465134e-003
1.889527618e-003
2.249437641e-003
2.319420145e-003
2.209447638e-003
2.419395151e-003
2.139465134e-003
2.219445139e-003
2.279430142e-003
2.859285179e-003
2.259435141e-003
2.339415146e-003
2.149462634e-003
2.169457636e-003
2.609347663e-003
2.409397651e-003
2.729317671e-003
2.219445139e-003
2.199450137e-003
2.109472632e-003
2.359410147e-003
2.449387653e-003
2.429392652e-003
1.949512622e-003
2.329417646e-003
2.179455136e-003
2.439390152e-003
2.259435141e-003
2.269432642e-003
2.139465134e-003
1.859535116e-003
1.679580105e-003
1.889527618e-003
2.069482629e-003
1.769557611e-003
1.469632592e-003
1.75956011e-003
1.989502624e-003
1.859535116e-003
1.989502624e-003
1.939515121e-003
1.729567608e-003
1.819545114e-003
1.659585104e-003
1.779555111e-003
1.569607598e-003
1.729567608e-003
1.699575106e-003
1.809547613e-003
2.07948013e-003
1.769557611e-003
1.789552612e-003
1.43964009e-003
1.379655086e-003
1.639590102e-003
1.809547613e-003
1.719570107e-003
1.5996001e-003
1.829542614e-003
1.629592602e-003
1.43964009e-003
1.509622594e-003
1.589602599e-003
1.5996001e-003
1.5996001e-003
1.539615096e-003
1.909522619e-003
1.529617596e-003
1.539615096e-003
1.709572607e-003
1.629592602e-003
1.569607598e-003
1.419645089e-003
1.569607598e-003
1.689577606e-003
1.349662584e-003
1.529617596e-003
1.489627593e-003
1.479630092e-003
1.539615096e-003
1.479630092e-003
1.519620095e-003
1.469632592e-003
1.519620095e-003
1.309672582e-003
1.389652587e-003
1.349662584e-003
1.479630092e-003
1.339665084e-003
1.569607598e-003
1.299675081e-003
1.619595101e-003
1.349662584e-003
1.289677581e-003
1.389652587e-003
1.529617596e-003
1.449637591e-003
1.269682579e-003
1.349662584e-003
1.27968008e-003
1.389652587e-003
1.489627593e-003
1.419645089e-003
1.349662584e-003
1.259685079e-003
1.219695076e-003
1.43964009e-003
1.289677581e-003
1.499625094e-003
1.329667583e-003
1.239690077e-003
1.359660085e-003
1.43964009e-003
1.339665084e-003
1.27968008e-003
1.109722569e-003
1.289677581e-003
1.289677581e-003
1.239690077e-003
1.179705074e-003
1.129717571e-003
1.339665084e-003
1.179705074e-003
1.489627593e-003
1.409647588e-003
1.43964009e-003
1.559610097e-003
1.389652587e-003
1.27968008e-003
1.389652587e-003
1.469632592e-003
1.079730067e-003
1.469632592e-003
1.269682579e-003
1.27968008e-003
1.549612597e-003
1.309672582e-003
1.509622594e-003
1.259685079e-003
1.229692577e-003
1.489627593e-003
1.249687578e-003
1.209697576e-003
1.239690077e-003
1.419645089e-003
1.369657586e-003
1.259685079e-003
1.469632592e-003
1.399650087e-003
1.299675081e-003
1.169707573e-003
1.369657586e-003
1.139715071e-003
1.209697576e-003
1.479630092e-003
1.229692577e-003
1.249687578e-003
1.339665084e-003
1.369657586e-003
1.27968008e-003
1.27968008e-003
1.139715071e-003
1.319670082e-003
1.189702574e-003
1.139715071e-003
1.249687578e-003
1.259685079e-003
1.579605099e-003
1.359660085e-003
1.449637591e-003
1.479630092e-003
1.359660085e-003
1.43964009e-003
1.519620095e-003
1.309672582e-003
1.5996001e-003
1.469632592e-003
1.449637591e-003
1.27968008e-003
1.43964009e-003
1.509622594e-003
1.489627593e-003
1.629592602e-003
1.43964009e-003
1.469632592e-003
1.289677581e-003
1.209697576e-003
1.429642589e-003
1.539615096e-003
1.799550112e-003
1.619595101e-003
1.749562609e-003
1.629592602e-003
1.729567608e-003
1.589602599e-003
1.689577606e-003
2.069482629e-003
1.899525119e-003
1.829542614e-003
1.989502624e-003
1.829542614e-003
1.729567608e-003
2.219445139e-003
2.099475131e-003
1.779555111e-003
1.879530117e-003
2.229442639e-003
2.089477631e-003
1.749562609e-003
2.149462634e-003
2.019495126e-003
1.749562609e-003
2.069482629e-003
2.039490127e-003
2.039490127e-003
1.91952012e-003
2.089477631e-003
1.75956011e-003
1.879530117e-003
1.989502624e-003
1.929517621e-003
1.939515121e-003
1.889527618e-003
1.959510122e-003
1.819545114e-003
1.829542614e-003
1.819545114e-003
1.799550112e-003
1.569607598e-003
1.839540115e-003
1.559610097e-003
1.91952012e-003
1.659585104e-003
2.009497626e-003
1.899525119e-003
1.729567608e-003
1.419645089e-003
1.689577606e-003
1.549612597e-003
1.419645089e-003
1.849537616e-003
1.5996001e-003
1.459635091e-003
1.449637591e-003
1.43964009e-003
1.719570107e-003
1.619595101e-003
1.75956011e-003
1.589602599e-003
1.519620095e-003
1.389652587e-003
1.509622594e-003
1.449637591e-003
1.539615096e-003
1.379655086e-003
1.529617596e-003
1.579605099e-003
1.569607598e-003
1.649587603e-003
1.619595101e-003
1.299675081e-003
1.639590102e-003
1.659585104e-003
1.339665084e-003
1.529617596e-003
1.379655086e-003
1.409647588e-003
1.379655086e-003
1.509622594e-003
1.43964009e-003
1.43964009e-003
1.459635091e-003
1.389652587e-003
1.359660085e-003
1.199700075e-003
1.319670082e-003
1.529617596e-003
1.469632592e-003
1.639590102e-003
1.539615096e-003
1.419645089e-003
1.449637591e-003
1.27968008e-003
1.369657586e-003
1.579605099e-003
1.499625094e-003
1.669582604e-003
1.369657586e-003
1.379655086e-003
1.509622594e-003
1.319670082e-003
1.739565109e-003
1.429642589e-003
1.579605099e-003
1.539615096e-003
1.529617596e-003
1.209697576e-003
1.469632592e-003
1.519620095e-003
1.289677581e-003
1.629592602e-003
1.539615096e-003
1.579605099e-003
1.429642589e-003
1.509622594e-003
1.749562609e-003
1.259685079e-003
1.309672582e-003
1.359660085e-003
1.359660085e-003
1.159710072e-003
1.469632592e-003
1.259685079e-003
1.319670082e-003
1.429642589e-003
1.379655086e-003
1.5996001e-003
1.43964009e-003
1.329667583e-003
1.549612597e-003
1.639590102e-003
1.569607598e-003
1.239690077e-003
1.489627593e-003
1.609597601e-003
1.489627593e-003
1.649587603e-003
1.519620095e-003
1.549612597e-003
1.469632592e-003
1.5996001e-003
1.559610097e-003
1.519620095e-003
1.509622594e-003
1.309672582e-003
1.499625094e-003
1.449637591e-003
1.449637591e-003
1.429642589e-003
1.529617596e-003
1.399650087e-003
1.449637591e-003
1.629592602e-003
1.379655086e-003
1.519620095e-003
1.539615096e-003
1.529617596e-003
1.629592602e-003
1.779555111e-003
1.399650087e-003
1.529617596e-003
1.389652587e-003
1.389652587e-003
1.479630092e-003
1.349662584e-003
1.369657586e-003
1.509622594e-003
1.679580105e-003
1.309672582e-003
1.449637591e-003
1.469632592e-003
1.399650087e-003
1.349662584e-003
1.079730067e-003
1.339665084e-003
1.409647588e-003
1.729567608e-003
1.389652587e-003
1.389652587e-003
1.369657586e-003
1.399650087e-003
1.199700075e-003
1.319670082e-003
1.709572607e-003
1.489627593e-003
1.429642589e-003
1.359660085e-003
1.619595101e-003
1.339665084e-003
1.43964009e-003
1.419645089e-003
1.289677581e-003
1.669582604e-003
1.479630092e-003
1.479630092e-003
1.219695076e-003
1.519620095e-003
1.429642589e-003
1.539615096e-003
1.339665084e-003
1.589602599e-003
1.519620095e-003
1.449637591e-003
1.149712572e-003
1.529617596e-003
1.619595101e-003
1.389652587e-003
1.329667583e-003
1.769557611e-003
1.539615096e-003
1.579605099e-003
1.529617596e-003
1.419645089e-003
1.389652587e-003
1.539615096e-003
1.389652587e-003
1.469632592e-003
1.43964009e-003
1.499625094e-003
1.659585104e-003
1.509622594e-003
1.549612597e-003
1.539615096e-003
1.649587603e-003
1.579605099e-003
1.499625094e-003
1.519620095e-003
1.429642589e-003
1.5996001e-003
1.529617596e-003
1.459635091e-003
1.569607598e-003
1.679580105e-003
1.419645089e-003
1.429642589e-003
1.369657586e-003
1.479630092e-003
1.459635091e-003
1.479630092e-003
1.569607598e-003
1.629592602e-003
1.509622594e-003
1.499625094e-003
1.409647588e-003
1.419645089e-003
1.509622594e-003
1.379655086e-003
1.589602599e-003
1.27968008e-003
1.339665084e-003
1.299675081e-003
1.399650087e-003
1.359660085e-003
1.43964009e-003
1.43964009e-003
1.329667583e-003
1.399650087e-003
1.27968008e-003
1.309672582e-003
1.11972007e-003
1.239690077e-003
1.189702574e-003
1.099725069e-003
1.169707573e-003
1.229692577e-003
1.169707573e-003
1.209697576e-003
1.139715071e-003
1.519620095e-003
1.219695076e-003
1.199700075e-003
1.219695076e-003
1.299675081e-003
9.697575606e-004
1.159710072e-003
8.997750562e-004
1.149712572e-003
1.049737566e-003
1.109722569e-003
1.009747563e-003
1.109722569e-003
1.189702574e-003
1.11972007e-003
1.11972007e-003
1.059735066e-003
1.159710072e-003
1.049737566e-003
1.099725069e-003
1.079730067e-003
1.229692577e-003
1.449637591e-003
1.139715071e-003
1.229692577e-003
9.797550612e-004
1.11972007e-003
1.189702574e-003
9.897525619e-004
1.11972007e-003
9.997500625e-004
1.039740065e-003
8.997750562e-004
1.229692577e-003
9.997500625e-004
1.019745064e-003
9.5976006e-004
1.069732567e-003
1.219695076e-003
8.597850537e-004
1.069732567e-003
1.149712572e-003
9.797550612e-004
9.997500625e-004
1.159710072e-003
1.019745064e-003
1.129717571e-003
1.149712572e-003
1.059735066e-003
9.5976006e-004
1.129717571e-003
9.497625594e-004
9.797550612e-004
8.697825544e-004
1.089727568e-003
9.997500625e-004
1.159710072e-003
1.129717571e-003
1.209697576e-003
1.129717571e-003
8.79780055e-004
1.169707573e-003
9.797550612e-004
1.009747563e-003
1.199700075e-003
9.697575606e-004
1.039740065e-003
1.029742564e-003
8.697825544e-004
1.369657586e-003
9.397650587e-004
1.109722569e-003
9.097725569e-004
1.039740065e-003
1.049737566e-003
1.029742564e-003
1.079730067e-003
1.149712572e-003
1.009747563e-003
1.009747563e-003
8.897775556e-004
1.029742564e-003
9.497625594e-004
1.099725069e-003
1.029742564e-003
9.797550612e-004
1.139715071e-003
9.797550612e-004
1.059735066e-003
9.097725569e-004
9.697575606e-004
8.897775556e-004
7.698075481e-004
9.297675581e-004
8.79780055e-004
1.169707573e-003
1.149712572e-003
1.049737566e-003
1.109722569e-003
1.139715071e-003
1.099725069e-003
9.297675581e-004
1.169707573e-003
1.219695076e-003
1.129717571e-003
9.497625594e-004
1.009747563e-003
1.009747563e-003
9.197700575e-004
8.997750562e-004
1.139715071e-003
1.249687578e-003
9.897525619e-004
1.189702574e-003
8.897775556e-004
1.039740065e-003
1.109722569e-003
1.259685079e-003
1.059735066e-003
1.159710072e-003
9.797550612e-004
1.11972007e-003
1.079730067e-003
1.069732567e-003
1.159710072e-003
1.169707573e-003
1.059735066e-003
9.497625594e-004
8.597850537e-004
1.079730067e-003
1.089727568e-003
1.059735066e-003
8.79780055e-004
1.019745064e-003
1.049737566e-003
1.139715071e-003
9.897525619e-004
9.797550612e-004
9.797550612e-004
1.179705074e-003
1.11972007e-003
1.169707573e-003
1.229692577e-003
1.039740065e-003
1.129717571e-003
1.269682579e-003
1.11972007e-003
1.229692577e-003
9.997500625e-004
1.299675081e-003
1.039740065e-003
1.139715071e-003
9.697575606e-004
9.797550612e-004
1.029742564e-003
1.169707573e-003
1.089727568e-003
1.259685079e-003
1.229692577e-003
1.129717571e-003
1.139715071e-003
1.109722569e-003
1.209697576e-003
1.229692577e-003
1.169707573e-003
1.259685079e-003
1.329667583e-003
1.229692577e-003
1.219695076e-003
1.369657586e-003
1.359660085e-003
1.189702574e-003
1.389652587e-003
1.109722569e-003
1.079730067e-003
1.329667583e-003
1.189702574e-003
1.299675081e-003
1.269682579e-003
1.209697576e-003
1.209697576e-003
1.129717571e-003
1.149712572e-003
1.219695076e-003
1.469632592e-003
1.309672582e-003
1.159710072e-003
9.897525619e-004
1.269682579e-003
9.997500625e-004
1.169707573e-003
1.149712572e-003
1.269682579e-003
1.219695076e-003
1.029742564e-003
1.359660085e-003
1.009747563e-003
1.039740065e-003
1.059735066e-003
1.069732567e-003
1.069732567e-003
1.249687578e-003
1.149712572e-003
1.129717571e-003
1.089727568e-003
9.497625594e-004
1.019745064e-003
9.897525619e-004
1.129717571e-003
1.229692577e-003
1.059735066e-003
8.997750562e-004
1.039740065e-003
1.049737566e-003
1.189702574e-003
1.149712572e-003
1.11972007e-003
1.019745064e-003
9.297675581e-004
1.159710072e-003
1.079730067e-003
8.497875531e-004
9.997500625e-004
8.997750562e-004
1.169707573e-003
1.269682579e-003
9.997500625e-004
1.059735066e-003
9.097725569e-004
1.029742564e-003
1.029742564e-003
9.5976006e-004
1.089727568e-003
1.11972007e-003
1.049737566e-003
1.069732567e-003
1.159710072e-003
8.997750562e-004
1.059735066e-003
1.139715071e-003
1.319670082e-003
1.089727568e-003
1.039740065e-003
1.029742564e-003
1.129717571e-003
9.997500625e-004
1.11972007e-003
1.219695076e-003
1.239690077e-003
1.169707573e-003
1.189702574e-003
1.189702574e-003
1.169707573e-003
1.089727568e-003
1.169707573e-003
1.089727568e-003
9.997500625e-004
9.897525619e-004
1.079730067e-003
1.179705074e-003
1.199700075e-003
1.049737566e-003
8.697825544e-004
1.139715071e-003
1.269682579e-003
9.797550612e-004
1.159710072e-003
1.169707573e-003
1.239690077e-003
1.179705074e-003
1.11972007e-003
1.199700075e-003
8.997750562e-004
1.189702574e-003
9.5976006e-004
1.11972007e-003
1.199700075e-003
1.299675081e-003
1.099725069e-003
1.069732567e-003
1.43964009e-003
1.369657586e-003
1.269682579e-003
1.039740065e-003
1.049737566e-003
1.149712572e-003
1.059735066e-003
1.209697576e-003
1.049737566e-003
1.049737566e-003
1.079730067e-003
1.109722569e-003
1.299675081e-003
1.379655086e-003
1.27968008e-003
1.319670082e-003
1.219695076e-003
1.389652587e-003
1.419645089e-003
1.209697576e-003
1.329667583e-003
1.089727568e-003
1.269682579e-003
1.359660085e-003
1.369657586e-003
1.329667583e-003
1.289677581e-003
1.699575106e-003
1.549612597e-003
1.449637591e-003
1.099725069e-003
1.389652587e-003
1.359660085e-003
1.129717571e-003
1.489627593e-003
1.27968008e-003
1.259685079e-003
1.519620095e-003
1.449637591e-003
1.449637591e-003
1.339665084e-003
1.349662584e-003
1.5996001e-003
1.559610097e-003
1.549612597e-003
1.579605099e-003
1.419645089e-003
1.449637591e-003
1.319670082e-003
1.549612597e-003
1.449637591e-003
1.449637591e-003
1.429642589e-003
1.75956011e-003
1.389652587e-003
1.339665084e-003
1.749562609e-003
1.579605099e-003
1.629592602e-003
1.879530117e-003
1.429642589e-003
1.529617596e-003
1.669582604e-003
1.739565109e-003
1.749562609e-003
1.949512622e-003
1.569607598e-003
1.849537616e-003
1.739565109e-003
1.679580105e-003
1.799550112e-003
2.099475131e-003
1.909522619e-003
1.969507623e-003
1.859535116e-003
1.849537616e-003
1.929517621e-003
2.009497626e-003
2.099475131e-003
2.009497626e-003
2.219445139e-003
2.149462634e-003
2.199450137e-003
2.39940015e-003
2.39940015e-003
2.509372657e-003
2.459385154e-003
2.55936016e-003
2.679330167e-003
2.679330167e-003
2.999250187e-003
2.819295176e-003
2.849287678e-003
2.869282679e-003
2.939265184e-003
3.139215196e-003
3.559110222e-003
3.109222694e-003
3.379155211e-003
3.109222694e-003
3.439140215e-003
3.629092727e-003
3.789052737e-003
3.949012747e-003
3.829042739e-003
3.769057736e-003
4.058985254e-003
4.138965259e-003
4.268932767e-003
4.428892777e-003
4.358910272e-003
4.028992752e-003
4.268932767e-003
4.508872782e-003
4.778805299e-003
4.778805299e-003
4.858785304e-003
4.728817796e-003
4.508872782e-003
5.088727818e-003
4.528867783e-003
4.898775306e-003
4.828792802e-003
4.888777806e-003
4.668832792e-003
4.968757811e-003
4.7988003e-003
4.908772807e-003
4.908772807e-003
4.658835291e-003
4.758810297e-003
5.038740315e-003
4.588852787e-003
4.498875281e-003
4.048987753e-003
4.548862784e-003
4.208947763e-003
4.288927768e-003
4.498875281e-003
3.739065234e-003
4.048987753e-003
3.739065234e-003
3.499125219e-003
3.669082729e-003
3.539115221e-003
3.579105224e-003
3.079230192e-003
3.229192702e-003
3.559110222e-003
3.269182704e-003
3.109222694e-003
2.989252687e-003
3.079230192e-003
2.959260185e-003
2.889277681e-003
2.429392652e-003
2.869282679e-003
2.659335166e-003
2.519370157e-003
2.369407648e-003
2.639340165e-003
2.629342664e-003
2.209447638e-003
2.249437641e-003
2.339415146e-003
2.519370157e-003
2.449387653e-003
2.299425144e-003
2.089477631e-003
2.149462634e-003
2.019495126e-003
2.149462634e-003
2.259435141e-003
2.289427643e-003
2.209447638e-003
2.179455136e-003
2.219445139e-003
2.229442639e-003
1.91952012e-003
2.069482629e-003
2.259435141e-003
2.019495126e-003
1.849537616e-003
2.009497626e-003
1.859535116e-003
1.889527618e-003
1.709572607e-003
1.709572607e-003
1.709572607e-003
2.029492627e-003
1.789552612e-003
1.769557611e-003
1.729567608e-003
1.629592602e-003
1.789552612e-003
1.75956011e-003
1.689577606e-003
1.879530117e-003
1.529617596e-003
1.529617596e-003
1.589602599e-003
1.589602599e-003
1.619595101e-003
1.419645089e-003
1.559610097e-003
1.649587603e-003
1.329667583e-003
1.629592602e-003
1.519620095e-003
1.539615096e-003
1.539615096e-003
1.699575106e-003
1.419645089e-003
1.559610097e-003
1.43964009e-003
1.639590102e-003
1.379655086e-003
1.269682579e-003
1.499625094e-003
1.619595101e-003
1.749562609e-003
1.849537616e-003
1.879530117e-003
1.729567608e-003
1.779555111e-003
1.959510122e-003
1.889527618e-003
1.949512622e-003
2.319420145e-003
2.349412647e-003
2.339415146e-003
2.579355161e-003
2.589352662e-003
2.899275181e-003
2.899275181e-003
3.179205199e-003
3.249187703e-003
3.399150212e-003
3.339165209e-003
3.489127718e-003
3.509122719e-003
3.51912022e-003
3.869032742e-003
3.719070232e-003
3.969007748e-003
4.048987753e-003
3.759060235e-003
4.148962759e-003
3.899025244e-003
3.979005249e-003
3.859035241e-003
3.779055236e-003
3.749062734e-003
3.689077731e-003
3.689077731e-003
3.549112722e-003
3.629092727e-003
3.349162709e-003
2.929267683e-003
3.1992002e-003
3.069232692e-003
2.869282679e-003
2.669332667e-003
2.529367658e-003
2.389402649e-003
2.299425144e-003
2.029492627e-003
1.949512622e-003
1.869532617e-003
1.719570107e-003
1.649587603e-003
1.689577606e-003
1.129717571e-003
1.429642589e-003
1.269682579e-003
1.209697576e-003
1.049737566e-003
9.897525619e-004
1.159710072e-003
1.309672582e-003
1.069732567e-003
1.27968008e-003
1.139715071e-003
1.049737566e-003
1.099725069e-003
1.079730067e-003
1.049737566e-003
7.898025494e-004
9.497625594e-004
1.029742564e-003
1.169707573e-003
9.397650587e-004
8.897775556e-004
1.019745064e-003
9.5976006e-004
9.397650587e-004
1.11972007e-003
1.079730067e-003
1.069732567e-003
1.209697576e-003
9.897525619e-004
1.029742564e-003
1.149712572e-003
1.069732567e-003
1.129717571e-003
1.049737566e-003
8.997750562e-004
1.219695076e-003
1.009747563e-003
9.197700575e-004
1.019745064e-003
1.009747563e-003
9.697575606e-004
8.697825544e-004
9.297675581e-004
9.997500625e-004
1.179705074e-003
1.039740065e-003
1.109722569e-003
1.11972007e-003
1.209697576e-003
1.139715071e-003
9.5976006e-004
1.079730067e-003
1.129717571e-003
8.197950512e-004
1.179705074e-003
1.149712572e-003
1.129717571e-003
1.129717571e-003
1.109722569e-003
1.129717571e-003
1.209697576e-003
1.079730067e-003
1.159710072e-003
1.249687578e-003
1.179705074e-003
1.209697576e-003
9.5976006e-004
1.169707573e-003
1.27968008e-003
1.089727568e-003
9.097725569e-004
1.209697576e-003
1.179705074e-003
1.199700075e-003
1.289677581e-003
1.049737566e-003
1.149712572e-003
1.179705074e-003
1.159710072e-003
1.079730067e-003
1.089727568e-003
1.079730067e-003
1.029742564e-003
1.239690077e-003
1.139715071e-003
9.097725569e-004
9.997500625e-004
1.069732567e-003
1.009747563e-003
1.069732567e-003
7.9980005e-004
1.019745064e-003
1.039740065e-003
7.9980005e-004
9.197700575e-004
1.039740065e-003
1.019745064e-003
9.197700575e-004
9.997500625e-004
9.897525619e-004
8.497875531e-004
7.398150462e-004
9.697575606e-004
7.498125469e-004
9.797550612e-004
8.79780055e-004
9.297675581e-004
8.897775556e-004
8.79780055e-004
8.397900525e-004
7.898025494e-004
7.498125469e-004
6.598350412e-004
7.9980005e-004
7.898025494e-004
7.798050487e-004
8.597850537e-004
7.898025494e-004
7.098225444e-004
6.098475381e-004
6.298425394e-004
5.498625344e-004
5.798550362e-004
8.097975506e-004
7.398150462e-004
7.9980005e-004
5.998500375e-004
6.698325419e-004
6.198450387e-004
6.198450387e-004
6.698325419e-004
6.798300425e-004
7.098225444e-004
6.998250437e-004
7.798050487e-004
6.898275431e-004
7.898025494e-004
6.3984004e-004
7.098225444e-004
6.298425394e-004
5.798550362e-004
7.598100475e-004
5.198700325e-004
5.59860035e-004
4.698825294e-004
6.798300425e-004
6.498375406e-004
4.598850287e-004
4.7988003e-004
4.998750312e-004
5.298675331e-004
5.698575356e-004
6.698325419e-004
5.098725319e-004
6.798300425e-004
5.498625344e-004
5.698575356e-004
6.898275431e-004
5.198700325e-004
4.598850287e-004
4.998750312e-004
4.498875281e-004
5.59860035e-004
5.498625344e-004
4.598850287e-004
5.298675331e-004
4.7988003e-004
4.898775306e-004
3.499125219e-004
4.098975256e-004
5.498625344e-004
5.398650337e-004
5.398650337e-004
4.398900275e-004
3.899025244e-004
5.298675331e-004
5.098725319e-004
5.198700325e-004
4.698825294e-004
5.59860035e-004
4.198950262e-004
4.198950262e-004
4.7988003e-004
3.99900025e-004
3.499125219e-004
3.99900025e-004
4.198950262e-004
5.298675331e-004
4.098975256e-004
4.698825294e-004
4.698825294e-004
4.398900275e-004
3.699075231e-004
3.799050237e-004
4.698825294e-004
4.398900275e-004
4.598850287e-004
4.198950262e-004
3.799050237e-004
3.699075231e-004
5.498625344e-004
3.799050237e-004
4.398900275e-004
4.298925269e-004
6.098475381e-004
5.298675331e-004
4.098975256e-004
3.699075231e-004
4.398900275e-004
4.198950262e-004
5.398650337e-004
6.098475381e-004
6.298425394e-004
5.498625344e-004
4.898775306e-004
4.498875281e-004
5.998500375e-004
5.398650337e-004
5.498625344e-004
7.098225444e-004
6.298425394e-004
7.398150462e-004
5.998500375e-004
5.398650337e-004
4.7988003e-004
4.098975256e-004
8.697825544e-004
8.697825544e-004
6.898275431e-004
5.698575356e-004
6.998250437e-004
7.098225444e-004
7.398150462e-004
6.698325419e-004
6.298425394e-004
7.19820045e-004
5.59860035e-004
6.498375406e-004
5.998500375e-004
6.098475381e-004
7.098225444e-004
6.098475381e-004
4.998750312e-004
5.098725319e-004
5.398650337e-004
4.598850287e-004
3.1992002e-004
3.899025244e-004
4.198950262e-004
3.499125219e-004
4.198950262e-004
4.598850287e-004
4.7988003e-004
4.298925269e-004
4.098975256e-004
3.899025244e-004
4.498875281e-004
4.498875281e-004
4.498875281e-004
2.899275181e-004
2.999250187e-004
3.099225194e-004
3.1992002e-004
3.099225194e-004
3.399150212e-004
4.598850287e-004
3.499125219e-004
3.99900025e-004
4.598850287e-004
3.799050237e-004
4.298925269e-004
4.898775306e-004
4.7988003e-004
3.799050237e-004
4.298925269e-004
3.699075231e-004
3.699075231e-004
4.998750312e-004
4.498875281e-004
2.599350162e-004
3.099225194e-004
4.098975256e-004
4.098975256e-004
3.899025244e-004
3.1992002e-004
3.899025244e-004
4.098975256e-004
3.499125219e-004
3.99900025e-004
2.599350162e-004
2.39940015e-004
3.699075231e-004
3.599100225e-004
3.599100225e-004
3.299175206e-004
3.499125219e-004
2.999250187e-004
2.699325169e-004
3.499125219e-004
3.099225194e-004
2.899275181e-004
2.999250187e-004
2.499375156e-004
2.499375156e-004
2.599350162e-004
3.299175206e-004
2.999250187e-004
3.399150212e-004
3.299175206e-004
2.899275181e-004
2.499375156e-004
1.999500125e-004
3.1992002e-004
3.499125219e-004
2.799300175e-004
1.899525119e-004
3.299175206e-004
3.299175206e-004
2.699325169e-004
4.298925269e-004
2.699325169e-004
2.899275181e-004
1.5996001e-004
2.599350162e-004
2.699325169e-004
2.799300175e-004
1.999500125e-004
2.799300175e-004
1.699575106e-004
2.499375156e-004
2.199450137e-004
2.899275181e-004
2.799300175e-004
3.399150212e-004
2.599350162e-004
2.799300175e-004
2.299425144e-004
2.999250187e-004
2.899275181e-004
2.799300175e-004
2.39940015e-004
2.599350162e-004
2.39940015e-004
2.899275181e-004
3.1992002e-004
2.499375156e-004
2.39940015e-004
2.799300175e-004
2.299425144e-004
2.799300175e-004
1.899525119e-004
2.39940015e-004
1.5996001e-004
2.499375156e-004
2.599350162e-004
1.899525119e-004
2.299425144e-004
2.699325169e-004
2.599350162e-004
3.099225194e-004
2.699325169e-004
2.299425144e-004
2.099475131e-004
2.799300175e-004
3.499125219e-004
3.399150212e-004
2.999250187e-004
2.599350162e-004
2.599350162e-004
2.199450137e-004
2.499375156e-004
2.099475131e-004
1.899525119e-004
2.299425144e-004
2.899275181e-004
2.499375156e-004
2.199450137e-004
2.299425144e-004
2.699325169e-004
3.299175206e-004
2.599350162e-004
2.199450137e-004
2.199450137e-004
1.799550112e-004
2.499375156e-004
2.299425144e-004
1.5996001e-004
2.799300175e-004
1.799550112e-004
2.39940015e-004
2.699325169e-004
1.5996001e-004
3.499125219e-004
3.1992002e-004
2.699325169e-004
2.999250187e-004
2.899275181e-004
2.599350162e-004
1.5996001e-004
2.999250187e-004
2.199450137e-004
1.299675081e-004
2.199450137e-004
2.39940015e-004
2.299425144e-004
2.099475131e-004
1.699575106e-004
2.999250187e-004
2.299425144e-004
1.799550112e-004
2.799300175e-004
1.699575106e-004
1.899525119e-004
2.099475131e-004
2.39940015e-004
1.299675081e-004
2.199450137e-004
1.799550112e-004
3.099225194e-004
1.999500125e-004
1.899525119e-004
9.997500625e-005
2.199450137e-004
1.399650087e-004
2.199450137e-004
1.799550112e-004
1.299675081e-004
2.099475131e-004
2.599350162e-004
1.999500125e-004
1.5996001e-004
1.899525119e-004
2.39940015e-004
1.899525119e-004
1.999500125e-004
1.999500125e-004
2.599350162e-004
2.199450137e-004
1.5996001e-004
2.39940015e-004
1.199700075e-004
2.499375156e-004
1.499625094e-004
2.799300175e-004
1.799550112e-004
1.899525119e-004
2.099475131e-004
2.699325169e-004
1.499625094e-004
3.299175206e-004
1.099725069e-004
2.199450137e-004
1.899525119e-004
1.199700075e-004
1.699575106e-004
1.699575106e-004
1.799550112e-004
1.5996001e-004
1.5996001e-004
2.099475131e-004
1.099725069e-004
1.999500125e-004
1.799550112e-004
1.999500125e-004
2.099475131e-004
1.899525119e-004
1.5996001e-004
1.799550112e-004
1.099725069e-004
1.899525119e-004
1.499625094e-004
1.099725069e-004
1.899525119e-004
1.799550112e-004
1.099725069e-004
2.39940015e-004
1.899525119e-004
2.299425144e-004
1.399650087e-004
1.199700075e-004
1.699575106e-004
1.899525119e-004
2.899275181e-004
1.699575106e-004
1.899525119e-004
1.899525119e-004
1.799550112e-004
1.699575106e-004
1.099725069e-004
1.999500125e-004
1.799550112e-004
1.799550112e-004
2.39940015e-004
1.499625094e-004
2.099475131e-004
1.699575106e-004
1.499625094e-004
1.699575106e-004
1.299675081e-004
1.399650087e-004
1.099725069e-004
2.199450137e-004
2.099475131e-004
2.099475131e-004
1.699575106e-004
1.899525119e-004
2.299425144e-004
1.099725069e-004
1.999500125e-004
2.39940015e-004
1.499625094e-004
1.199700075e-004
2.099475131e-004
1.499625094e-004
1.999500125e-004
1.699575106e-004
7.9980005e-005
1.5996001e-004
1.999500125e-004
1.699575106e-004
1.399650087e-004
2.599350162e-004
2.39940015e-004
1.899525119e-004
1.699575106e-004
1.099725069e-004
1.099725069e-004
1.299675081e-004
1.5996001e-004
8.997750562e-005
1.399650087e-004
8.997750562e-005
1.799550112e-004
1.699575106e-004
2.599350162e-004
9.997500625e-005
1.399650087e-004
1.299675081e-004
1.099725069e-004
2.099475131e-004
1.799550112e-004
2.199450137e-004
1.099725069e-004
1.899525119e-004
1.5996001e-004
1.099725069e-004
9.997500625e-005
1.499625094e-004
9.997500625e-005
8.997750562e-005
1.299675081e-004
6.998250437e-005
1.399650087e-004
1.699575106e-004
8.997750562e-005
1.799550112e-004
1.399650087e-004
9.997500625e-005
8.997750562e-005
1.699575106e-004
2.499375156e-004
1.799550112e-004
1.299675081e-004
1.5996001e-004
1.399650087e-004
1.499625094e-004
1.699575106e-004
1.5996001e-004
1.799550112e-004
1.499625094e-004
1.899525119e-004
1.899525119e-004
1.199700075e-004
1.899525119e-004
1.299675081e-004
1.299675081e-004
1.5996001e-004
1.399650087e-004
1.899525119e-004
1.699575106e-004
7.9980005e-005
7.9980005e-005
1.199700075e-004
1.5996001e-004
1.499625094e-004
1.399650087e-004
1.899525119e-004
1.299675081e-004
1.299675081e-004
1.199700075e-004
1.299675081e-004
9.997500625e-005
1.299675081e-004
1.899525119e-004
1.699575106e-004
1.199700075e-004
1.199700075e-004
1.299675081e-004
1.799550112e-004
1.5996001e-004
1.199700075e-004
1.5996001e-004
2.099475131e-004
1.799550112e-004
1.099725069e-004
1.399650087e-004
1.299675081e-004
1.5996001e-004
7.9980005e-005
1.499625094e-004
1.799550112e-004
1.199700075e-004
7.9980005e-005
1.799550112e-004
1.5996001e-004
1.899525119e-004
8.997750562e-005
1.5996001e-004
1.799550112e-004
1.299675081e-004
1.099725069e-004
1.299675081e-004
1.699575106e-004
1.199700075e-004
1.299675081e-004
1.5996001e-004
6.998250437e-005
1.699575106e-004
1.799550112e-004
1.299675081e-004
1.299675081e-004
1.799550112e-004
1.299675081e-004
6.998250437e-005
1.199700075e-004
9.997500625e-005
1.199700075e-004
1.099725069e-004
2.199450137e-004
9.997500625e-005
1.099725069e-004
1.199700075e-004
1.299675081e-004
1.099725069e-004
1.099725069e-004
1.199700075e-004
1.099725069e-004
1.299675081e-004
6.998250437e-005
1.399650087e-004
1.099725069e-004
6.998250437e-005
1.499625094e-004
9.997500625e-005
1.399650087e-004
1.899525119e-004
9.997500625e-005
1.699575106e-004
9.997500625e-005
9.997500625e-005
1.099725069e-004
1.099725069e-004
1.299675081e-004
1.899525119e-004
1.499625094e-004
1.099725069e-004
1.799550112e-004
1.099725069e-004
1.199700075e-004
1.199700075e-004
1.099725069e-004
9.997500625e-005
7.9980005e-005
1.199700075e-004
1.699575106e-004
1.499625094e-004
1.699575106e-004
9.997500625e-005
1.799550112e-004
8.997750562e-005
1.099725069e-004
9.997500625e-005
1.199700075e-004
1.699575106e-004
1.199700075e-004
8.997750562e-005
1.199700075e-004
1.299675081e-004
1.399650087e-004
1.199700075e-004
1.5996001e-004
6.998250437e-005
1.5996001e-004
1.299675081e-004
1.299675081e-004
6.998250437e-005
1.399650087e-004
8.997750562e-005
1.299675081e-004
8.997750562e-005
1.099725069e-004
1.199700075e-004
1.799550112e-004
6.998250437e-005
1.099725069e-004
1.699575106e-004
8.997750562e-005
1.399650087e-004
1.399650087e-004
8.997750562e-005
1.199700075e-004
8.997750562e-005
4.998750312e-005
1.099725069e-004
1.499625094e-004
1.5996001e-004
7.9980005e-005
9.997500625e-005
7.9980005e-005
7.9980005e-005
8.997750562e-005
9.997500625e-005
1.399650087e-004
1.099725069e-004
1.499625094e-004
8.997750562e-005
9.997500625e-005
1.099725069e-004
8.997750562e-005
1.299675081e-004
1.099725069e-004
9.997500625e-005
1.199700075e-004
1.399650087e-004
1.399650087e-004
1.099725069e-004
9.997500625e-005
1.099725069e-004
1.099725069e-004
7.9980005e-005
1.199700075e-004
2.099475131e-004
8.997750562e-005
5.998500375e-005
1.499625094e-004
7.9980005e-005
7.9980005e-005
8.997750562e-005
9.997500625e-005
1.499625094e-004
1.099725069e-004
6.998250437e-005
1.099725069e-004
1.199700075e-004
9.997500625e-005
9.997500625e-005
1.399650087e-004
3.99900025e-005
6.998250437e-005
1.499625094e-004
1.299675081e-004
7.9980005e-005
1.099725069e-004
9.997500625e-005
1.299675081e-004
7.9980005e-005
5.998500375e-005
1.199700075e-004
8.997750562e-005
2.999250187e-005
9.997500625e-005
5.998500375e-005
1.499625094e-004
1.299675081e-004
7.9980005e-005
1.199700075e-004
9.997500625e-005
4.998750312e-005
7.9980005e-005
6.998250437e-005
1.099725069e-004
1.499625094e-004
1.299675081e-004
7.9980005e-005
2.999250187e-005
6.998250437e-005
9.997500625e-005
8.997750562e-005
1.299675081e-004
5.998500375e-005
7.9980005e-005
6.998250437e-005
7.9980005e-005
7.9980005e-005
4.998750312e-005
6.998250437e-005
7.9980005e-005
9.997500625e-005
1.299675081e-004
5.998500375e-005
6.998250437e-005
3.99900025e-005
1.399650087e-004
8.997750562e-005
8.997750562e-005
1.099725069e-004
1.199700075e-004
1.099725069e-004
1.399650087e-004
8.997750562e-005
7.9980005e-005
1.5996001e-004
7.9980005e-005
9.997500625e-005
1.299675081e-004
1.199700075e-004
8.997750562e-005
9.997500625e-005
7.9980005e-005
1.199700075e-004
1.099725069e-004
3.99900025e-005
5.998500375e-005
5.998500375e-005
3.99900025e-005
5.998500375e-005
5.998500375e-005
1.199700075e-004
3.99900025e-005
1.699575106e-004
4.998750312e-005
7.9980005e-005
1.199700075e-004
6.998250437e-005
1.099725069e-004
6.998250437e-005
6.998250437e-005
5.998500375e-005
3.99900025e-005
7.9980005e-005
1.099725069e-004
3.99900025e-005
3.99900025e-005
1.299675081e-004
8.997750562e-005
3.99900025e-005
1.399650087e-004
8.997750562e-005
1.099725069e-004
5.998500375e-005
6.998250437e-005
7.9980005e-005
5.998500375e-005
7.9980005e-005
2.999250187e-005
4.998750312e-005
7.9980005e-005
3.99900025e-005
7.9980005e-005
6.998250437e-005
1.199700075e-004
3.99900025e-005
7.9980005e-005
6.998250437e-005
2.999250187e-005
4.998750312e-005
7.9980005e-005
6.998250437e-005
6.998250437e-005
6.998250437e-005
6.998250437e-005
8.997750562e-005
5.998500375e-005
2.999250187e-005
7.9980005e-005
1.199700075e-004
6.998250437e-005
9.997500625e-005
4.998750312e-005
8.997750562e-005
1.099725069e-004
6.998250437e-005
9.997500625e-005
7.9980005e-005
4.998750312e-005
6.998250437e-005
4.998750312e-005
8.997750562e-005
4.998750312e-005
9.997500625e-005
7.9980005e-005
5.998500375e-005
5.998500375e-005
5.998500375e-005
6.998250437e-005
6.998250437e-005
7.9980005e-005
2.999250187e-005
4.998750312e-005
5.998500375e-005
3.99900025e-005
8.997750562e-005
1.799550112e-004
6.998250437e-005
2.999250187e-005
8.997750562e-005
3.99900025e-005
7.9980005e-005
3.99900025e-005
4.998750312e-005
4.998750312e-005
5.998500375e-005
3.99900025e-005
7.9980005e-005
8.997750562e-005
2.999250187e-005
6.998250437e-005
5.998500375e-005
4.998750312e-005
3.99900025e-005
6.998250437e-005
8.997750562e-005
2.999250187e-005
4.998750312e-005
5.998500375e-005
5.998500375e-005
6.998250437e-005
7.9980005e-005
5.998500375e-005
7.9980005e-005
5.998500375e-005
7.9980005e-005
5.998500375e-005
3.99900025e-005
9.997500625e-005
9.997500625e-005
4.998750312e-005
4.998750312e-005
1.199700075e-004
3.99900025e-005
3.99900025e-005
1.299675081e-004
5.998500375e-005
9.997500625e-005
4.998750312e-005
6.998250437e-005
5.998500375e-005
1.999500125e-005
2.999250187e-005
8.997750562e-005
3.99900025e-005
8.997750562e-005
3.99900025e-005
5.998500375e-005
3.99900025e-005
2.999250187e-005
9.997500625e-006
5.998500375e-005
2.999250187e-005
7.9980005e-005
5.998500375e-005
7.9980005e-005
5.998500375e-005
3.99900025e-005
5.998500375e-005
1.099725069e-004
5.998500375e-005
4.998750312e-005
2.999250187e-005
4.998750312e-005
2.999250187e-005
2.999250187e-005
4.998750312e-005
3.99900025e-005
5.998500375e-005
1.199700075e-004
5.998500375e-005
2.999250187e-005
5.998500375e-005
3.99900025e-005
4.998750312e-005
2.999250187e-005
5.998500375e-005
6.998250437e-005
1.299675081e-004
4.998750312e-005
5.998500375e-005
3.99900025e-005
6.998250437e-005
8.997750562e-005
3.99900025e-005
2.999250187e-005
1.999500125e-005
5.998500375e-005
5.998500375e-005
8.997750562e-005
4.998750312e-005
6.998250437e-005
3.99900025e-005
6.998250437e-005
4.998750312e-005
5.998500375e-005
5.998500375e-005
2.999250187e-005
7.9980005e-005
4.998750312e-005
7.9980005e-005
3.99900025e-005
2.999250187e-005
4.998750312e-005
5.998500375e-005
5.998500375e-005
3.99900025e-005
9.997500625e-005
2.999250187e-005
6.998250437e-005
1.999500125e-005
5.998500375e-005
6.998250437e-005
1.999500125e-005
2.999250187e-005
4.998750312e-005
5.998500375e-005
1.999500125e-005
4.998750312e-005
2.999250187e-005
6.998250437e-005
2.999250187e-005
3.99900025e-005
6.998250437e-005
8.997750562e-005
5.998500375e-005
2.999250187e-005
3.99900025e-005
3.99900025e-005
3.99900025e-005
4.998750312e-005
9.997500625e-006
4.998750312e-005
5.998500375e-005
4.998750312e-005
3.99900025e-005
4.998750312e-005
4.998750312e-005
4.998750312e-005
5.998500375e-005
2.999250187e-005
1.999500125e-005
7.9980005e-005
4.998750312e-005
2.999250187e-005
1.999500125e-005
6.998250437e-005
5.998500375e-005
2.999250187e-005
3.99900025e-005
1.999500125e-005
3.99900025e-005
5.998500375e-005
9.997500625e-006
5.998500375e-005
3.99900025e-005
6.998250437e-005
4.998750312e-005
6.998250437e-005
2.999250187e-005
9.997500625e-006
4.998750312e-005
2.999250187e-005
2.999250187e-005
3.99900025e-005
5.998500375e-005
5.998500375e-005
9.997500625e-006
9.997500625e-006
4.998750312e-005
4.998750312e-005
4.998750312e-005
4.998750312e-005
5.998500375e-005
2.999250187e-005
0.
3.99900025e-005
7.9980005e-005
2.999250187e-005
4.998750312e-005
4.998750312e-005
2.999250187e-005
2.999250187e-005
3.99900025e-005
2.999250187e-005
3.99900025e-005
1.999500125e-005
4.998750312e-005
1.999500125e-005
4.998750312e-005
3.99900025e-005
6.998250437e-005
1.199700075e-004
3.99900025e-005
3.99900025e-005
2.999250187e-005
1.999500125e-005
3.99900025e-005
9.997500625e-006
5.998500375e-005
4.998750312e-005
2.999250187e-005
4.998750312e-005
6.998250437e-005
3.99900025e-005
6.998250437e-005
1.999500125e-005
3.99900025e-005
3.99900025e-005
2.999250187e-005
1.999500125e-005
2.999250187e-005
2.999250187e-005
2.999250187e-005
5.998500375e-005
4.998750312e-005
3.99900025e-005
2.999250187e-005
6.998250437e-005
1.999500125e-005
3.99900025e-005
9.997500625e-005
9.997500625e-006
1.999500125e-005
3.99900025e-005
4.998750312e-005
9.997500625e-006
3.99900025e-005
4.998750312e-005
3.99900025e-005
6.998250437e-005
5.998500375e-005
3.99900025e-005
9.997500625e-006
2.999250187e-005
4.998750312e-005
3.99900025e-005
3.99900025e-005
9.997500625e-006
5.998500375e-005
6.998250437e-005
4.998750312e-005
2.999250187e-005
3.99900025e-005
3.99900025e-005
1.999500125e-005
9.997500625e-006
1.999500125e-005
1.999500125e-005
5.998500375e-005
9.997500625e-005
2.999250187e-005
3.99900025e-005
3.99900025e-005
4.998750312e-005
3.99900025e-005
4.998750312e-005
5.998500375e-005
1.999500125e-005
1.999500125e-005
0.
3.99900025e-005
4.998750312e-005
1.999500125e-005
2.999250187e-005
1.999500125e-005
9.997500625e-006
6.998250437e-005
9.997500625e-006
9.997500625e-006
9.997500625e-006
4.998750312e-005
2.999250187e-005
1.999500125e-005
2.999250187e-005
4.998750312e-005
9.997500625e-006
1.999500125e-005
3.99900025e-005
4.998750312e-005
9.997500625e-006
4.998750312e-005
2.999250187e-005
3.99900025e-005
2.999250187e-005
3.99900025e-005
9.997500625e-006
2.999250187e-005
9.997500625e-006
5.998500375e-005
5.998500375e-005
5.998500375e-005
1.999500125e-005
9.997500625e-006
4.998750312e-005
3.99900025e-005
2.999250187e-005
1.999500125e-005
1.999500125e-005
4.998750312e-005
3.99900025e-005
4.998750312e-005
2.999250187e-005
2.999250187e-005
9.997500625e-006
2.999250187e-005
3.99900025e-005
6.998250437e-005
1.999500125e-005
3.99900025e-005
1.999500125e-005
1.999500125e-005
6.998250437e-005
3.99900025e-005
4.998750312e-005
9.997500625e-006
3.99900025e-005
9.997500625e-006
3.99900025e-005
3.99900025e-005
1.999500125e-005
3.99900025e-005
4.998750312e-005
4.998750312e-005
9.997500625e-006
3.99900025e-005
9.997500625e-006
3.99900025e-005
1.999500125e-005
3.99900025e-005
2.999250187e-005
0.
4.998750312e-005
9.997500625e-006
2.999250187e-005
2.999250187e-005
3.99900025e-005
1.999500125e-005
4.998750312e-005
2.999250187e-005
3.99900025e-005
2.999250187e-005
9.997500625e-006
1.999500125e-005
0.
2.999250187e-005
2.999250187e-005
1.999500125e-005
4.998750312e-005
2.999250187e-005
3.99900025e-005
0.
4.998750312e-005
1.999500125e-005
5.998500375e-005
3.99900025e-005
2.999250187e-005
2.999250187e-005
0.
0.
3.99900025e-005
4.998750312e-005
2.999250187e-005
9.997500625e-006
9.997500625e-006
3.99900025e-005
1.999500125e-005
9.997500625e-006
2.999250187e-005
1.999500125e-005
1.999500125e-005
9.997500625e-006
9.997500625e-006
9.997500625e-006
9.997500625e-006
1.999500125e-005
0.
2.999250187e-005
4.998750312e-005
3.99900025e-005
7.9980005e-005
9.997500625e-006
1.999500125e-005
1.999500125e-005
2.999250187e-005
9.997500625e-005
1.999500125e-005
3.99900025e-005
9.997500625e-006
9.997500625e-006
0.
4.998750312e-005
1.999500125e-005
2.999250187e-005
3.99900025e-005
1.999500125e-005
9.997500625e-006
2.999250187e-005
9.997500625e-006
2.999250187e-005
1.999500125e-005
2.999250187e-005
1.999500125e-005
3.99900025e-005
2.999250187e-005
1.999500125e-005
9.997500625e-006
5.998500375e-005
9.997500625e-006
9.997500625e-006
1.999500125e-005
0.
2.999250187e-005
1.999500125e-005
0.
9.997500625e-006
1.999500125e-005
1.999500125e-005
9.997500625e-006
3.99900025e-005
2.999250187e-005
6.998250437e-005
4.998750312e-005
0.
1.999500125e-005
1.999500125e-005
1.999500125e-005
4.998750312e-005
1.999500125e-005
4.998750312e-005
2.999250187e-005
9.997500625e-006
0.
1.999500125e-005
1.999500125e-005
9.997500625e-006
9.997500625e-006
0.
4.998750312e-005
1.999500125e-005
0.
1.999500125e-005
0.
2.999250187e-005
2.999250187e-005
2.999250187e-005
1.999500125e-005
0.
0.
1.999500125e-005
1.999500125e-005
9.997500625e-006
9.997500625e-006
9.997500625e-006
1.999500125e-005
3.99900025e-005
0.
9.997500625e-006
9.997500625e-006
3.99900025e-005
9.997500625e-006
5.998500375e-005
1.999500125e-005
1.999500125e-005
9.997500625e-006
0.
9.997500625e-006
9.997500625e-006
9.997500625e-006
0.
9.997500625e-006
0.
9.997500625e-006
9.997500625e-006
0.
1.999500125e-005
3.99900025e-005
9.997500625e-006
1.999500125e-005
9.997500625e-006
0.
1.999500125e-005
0.
9.997500625e-006
1.999500125e-005
9.997500625e-006
1.999500125e-005
2.999250187e-005
1.999500125e-005
2.999250187e-005
2.999250187e-005
2.999250187e-005
0.
1.999500125e-005
2.999250187e-005
2.999250187e-005
0.
2.999250187e-005
0.
0.
1.999500125e-005
3.99900025e-005
2.999250187e-005
0.
9.997500625e-006
9.997500625e-006
1.999500125e-005
0.
9.997500625e-006
9.997500625e-006
2.999250187e-005
1.999500125e-005
9.997500625e-006
9.997500625e-006
3.99900025e-005
0.
1.999500125e-005
3.99900025e-005
9.997500625e-006
9.997500625e-006
9.997500625e-006
1.999500125e-005
9.997500625e-006
2.999250187e-005
1.999500125e-005
1.999500125e-005
3.99900025e-005
2.999250187e-005
1.999500125e-005
9.997500625e-006
1.999500125e-005
2.999250187e-005
3.99900025e-005
2.999250187e-005
9.997500625e-006
2.999250187e-005
9.997500625e-006
3.99900025e-005
2.999250187e-005
0.
9.997500625e-006
9.997500625e-006
1.999500125e-005
9.997500625e-006
9.997500625e-006
5.998500375e-005
2.999250187e-005
0.
1.999500125e-005
1.999500125e-005
0.
9.997500625e-006
1.999500125e-005
1.999500125e-005
1.999500125e-005
1.999500125e-005
1.999500125e-005
2.999250187e-005
1.999500125e-005
0.
9.997500625e-006
1.999500125e-005
0.
2.999250187e-005
1.999500125e-005
1.999500125e-005
3.99900025e-005
1.999500125e-005
1.999500125e-005
3.99900025e-005
2.999250187e-005
2.999250187e-005
9.997500625e-006
2.999250187e-005
0.
3.99900025e-005
3.99900025e-005
1.999500125e-005
2.999250187e-005
0.
2.999250187e-005
9.997500625e-006
0.
2.999250187e-005
1.999500125e-005
9.997500625e-006
9.997500625e-006
1.999500125e-005
0.
4.998750312e-005
9.997500625e-006
9.997500625e-006
0.
1.999500125e-005
9.997500625e-006
0.
0.
2.999250187e-005
9.997500625e-006
2.999250187e-005
3.99900025e-005
9.997500625e-006
2.999250187e-005
9.997500625e-006
9.997500625e-006
0.
2.999250187e-005
0.
1.999500125e-005
9.997500625e-006
0.
2.999250187e-005
2.999250187e-005
1.999500125e-005
0.
0.
9.997500625e-006
2.999250187e-005
2.999250187e-005
1.999500125e-005
9.997500625e-006
0.
9.997500625e-006
9.997500625e-006
0.
2.999250187e-005
0.
2.999250187e-005
9.997500625e-006
9.997500625e-006
1.999500125e-005
9.997500625e-006
0.
9.997500625e-006
9.997500625e-006
0.
3.99900025e-005
9.997500625e-006
0.
9.997500625e-006
9.997500625e-006
0.
1.999500125e-005
0.
1.999500125e-005
0.
0.
0.
0.
9.997500625e-006
1.999500125e-005
1.999500125e-005
0.
0.
2.999250187e-005
9.997500625e-006
9.997500625e-006
0.
9.997500625e-006
9.997500625e-006
0.
9.997500625e-006
1.999500125e-005
9.997500625e-006
1.999500125e-005
9.997500625e-006
9.997500625e-006
1.999500125e-005
1.999500125e-005
0.
9.997500625e-006
9.997500625e-006
0.
9.997500625e-006
2.999250187e-005
1.999500125e-005
9.997500625e-006
3.99900025e-005
9.997500625e-006
0.
0.
9.997500625e-006
1.999500125e-005
0.
9.997500625e-006
0.
0.
0.
0.
9.997500625e-006
1.999500125e-005
0.
0.
9.997500625e-006
9.997500625e-006
3.99900025e-005
1.999500125e-005
9.997500625e-006
3.99900025e-005
2.999250187e-005
9.997500625e-006
0.
0.
1.999500125e-005
1.999500125e-005
0.
0.
9.997500625e-006
2.999250187e-005
1.999500125e-005
9.997500625e-006
1.999500125e-005
9.997500625e-006
1.999500125e-005
1.999500125e-005
9.997500625e-006
0.
9.997500625e-006
0.
9.997500625e-006
9.997500625e-006
9.997500625e-006
9.997500625e-006
9.997500625e-006
1.999500125e-005
1.999500125e-005
9.997500625e-006
9.997500625e-006
0.
3.99900025e-005
0.
1.999500125e-005
2.999250187e-005
0.
1.999500125e-005
0.
9.997500625e-006
0.
9.997500625e-006
0.
9.997500625e-006
9.997500625e-006
2.999250187e-005
1.999500125e-005
9.997500625e-006
0.
0.
9.997500625e-006
9.997500625e-006
0.
0.
1.999500125e-005
1.999500125e-005
0.
1.999500125e-005
2.999250187e-005
2.999250187e-005
2.999250187e-005
9.997500625e-006
1.999500125e-005
1.999500125e-005
9.997500625e-006
9.997500625e-006
0.
1.999500125e-005
9.997500625e-006
0.
0.
9.997500625e-006
1.999500125e-005
0.
9.997500625e-006
0.
0.
9.997500625e-006
2.999250187e-005
9.997500625e-006
0.
0.
9.997500625e-006
1.999500125e-005
9.997500625e-006
1.999500125e-005
1.999500125e-005
9.997500625e-006
2.999250187e-005
2.999250187e-005
0.
9.997500625e-006
1.999500125e-005
0.
0.
0.
0.
1.999500125e-005
0.
9.997500625e-006
1.999500125e-005
9.997500625e-006
2.999250187e-005
0.
0.
3.99900025e-005
9.997500625e-006
9.997500625e-006
9.997500625e-006
9.997500625e-006
1.999500125e-005
9.997500625e-006
1.999500125e-005
9.997500625e-006
9.997500625e-006
9.997500625e-006
0.
1.999500125e-005
9.997500625e-006
9.997500625e-006
2.999250187e-005
9.997500625e-006
0.
9.997500625e-006
9.997500625e-006
9.997500625e-006
1.999500125e-005
9.997500625e-006
9.997500625e-006
9.997500625e-006
0.
1.999500125e-005
9.997500625e-006
0.
9.997500625e-006
0.
9.997500625e-006
9.997500625e-006
0.
1.999500125e-005
9.997500625e-006
0.
1.999500125e-005
9.997500625e-006
1.999500125e-005
0.
1.999500125e-005
0.
3.99900025e-005
3.99900025e-005
0.
0.
0.
1.999500125e-005
0.
0.
1.999500125e-005
9.997500625e-006
2.999250187e-005
9.997500625e-006
9.997500625e-006
9.997500625e-006
9.997500625e-006
0.
0.
9.997500625e-006
9.997500625e-006
9.997500625e-006
0.
0.
0.
0.
9.997500625e-006
0.
1.999500125e-005
2.999250187e-005
0.
0.
0.
0.
0.
0.
9.997500625e-006
0.
0.
0.
9.997500625e-006
9.997500625e-006
0.
0.
0.
1.999500125e-005
2.999250187e-005
9.997500625e-006
9.997500625e-006
0.
0.
0.
9.997500625e-006
9.997500625e-006
0.
0.
0.
9.997500625e-006
0.
0.
0.
0.
1.999500125e-005
0.
9.997500625e-006
9.997500625e-006
0.
0.
9.997500625e-006
0.
9.997500625e-006
9.997500625e-006
0.
0.
0.
0.
9.997500625e-006
0.
0.
0.
0.
9.997500625e-006
0.
0.
0.
0.
0.
0.
0.
9.997500625e-006
0.
9.997500625e-006
9.997500625e-006
1.999500125e-005
0.
0.
9.997500625e-006
0.
0.
0.
0.
9.997500625e-006
0.
9.997500625e-006
1.999500125e-005
0.
9.997500625e-006
0.
9.997500625e-006
9.997500625e-006
9.997500625e-006
1.999500125e-005
9.997500625e-006
0.
9.997500625e-006
9.997500625e-006
9.997500625e-006
9.997500625e-006
9.997500625e-006
1.999500125e-005
2.999250187e-005
0.
0.
9.997500625e-006
0.
3.99900025e-005
9.997500625e-006
9.997500625e-006
0.
0.
0.
1.999500125e-005
0.
1.999500125e-005
0.
0.
0.
9.997500625e-006
0.
9.997500625e-006
0.
0.
0.
0.
0.
9.997500625e-006
0.
9.997500625e-006
9.997500625e-006
0.
0.
0.
0.
0.
0.
0.
0.
0.
9.997500625e-006
9.997500625e-006
0.
9.997500625e-006
9.997500625e-006
0.
0.
9.997500625e-006
9.997500625e-006
0.
0.
0.
0.
0.
9.997500625e-006
0.
9.997500625e-006
9.997500625e-006
0.
0.
0.
0.
9.997500625e-006
0.
9.997500625e-006
9.997500625e-006
9.997500625e-006
9.997500625e-006
9.997500625e-006
9.997500625e-006
9.997500625e-006
0.
1.999500125e-005
0.
0.
9.997500625e-006
0.
9.997500625e-006
0.
9.997500625e-006
0.
9.997500625e-006
0.
1.999500125e-005
1.999500125e-005
0.
9.997500625e-006
0.
9.997500625e-006
9.997500625e-006
9.997500625e-006
0.
0.
0.
0.
9.997500625e-006
0.
9.997500625e-006
9.997500625e-006
9.997500625e-006
0.
9.997500625e-006
0.
9.997500625e-006
0.
9.997500625e-006
0.
0.
9.997500625e-006
1.999500125e-005
0.
0.
0.
0.
0.
9.997500625e-006
1.999500125e-005
9.997500625e-006
9.997500625e-006
0.
9.997500625e-006
0.
0.
0.
9.997500625e-006
0.
0.
9.997500625e-006
0.
0.
0.
9.997500625e-006
0.
1.999500125e-005
2.999250187e-005
9.997500625e-006
0.
0.
0.
0.
0.
0.
9.997500625e-006
0.
9.997500625e-006
9.997500625e-006
0.
0.
9.997500625e-006
1.999500125e-005
0.
0.
9.997500625e-006
0.
9.997500625e-006
0.
0.
0.
0.
0.
0.
0.
9.997500625e-006
9.997500625e-006
0.
0.
9.997500625e-006
0.
1.999500125e-005
0.
0.
0.
0.
0.
0.
0.
1.999500125e-005
0.
0.
0.
7.19820045e-004
0.
Channel_info_end

<?s?[?N???X?g>

------------------------------------------------------------
?`?????l????          Line       keV     Net???x(cps/uA)
------------------------------------------------------------
Na-U                  ----       4.16      0.009          F
                      BaLa       4.50      0.036         QF
                      TiKa       4.50      0.013         QF
                      BaLb1      4.86      0.029          F
                      TiKb       4.93      0.002          F
                      BaLb2      5.19      0.008          F
------------------------------------------------------------


[?????????]
-----------------------------------------------------------------------------------
??????                ???????            ??   ????-?v?Z  ?????   ???x(cps/uA)
-----------------------------------------------------------------------------------
Ba                      74.0125 atom%       1.6395 ???-FP    BaLa          0.036
Ti                      25.9875 atom%       1.6135 ???-FP    TiKa          0.013
