       0               0             100
    0.05          0.3372              90
     0.1          0.4521           85.93
    0.15          0.5056           83.97
     0.2          0.5359            82.9
    0.25          0.5589           82.14
     0.3          0.5794           81.52
    0.35          0.5987           80.99
     0.4          0.6177           80.52
    0.45          0.6371            80.1
     0.5          0.6558           79.75
    0.55          0.6765           79.42
     0.6          0.6986           79.13
    0.65           0.725           78.85
     0.7           0.755            78.6
    0.75           0.784           78.42
     0.8          0.8167            78.3
    0.85          0.8591           78.22
     0.9          0.8959            78.2
    0.95          0.9474           78.24
       1               1           78.33
